5000 2 0.100000 0.800000 500 0.010000
-997.50 127.21 -1
-613.38 617.53 1
170.05 -40.22 1
-299.40 791.98 1
645.73 493.26 1
-651.77 717.94 1
421.05 27.10 1
-391.99 -970.03 -1
-817.19 -271.07 -1
-705.37 -668.19 -1
977.11 -108.59 1
-761.83 -990.66 -1
-982.18 -244.22 -1
63.36 142.40 1
203.56 214.37 1
-667.52 326.13 -1
-98.39 -295.73 -1
-885.92 215.41 -1
566.68 605.26 1
39.80 -396.08 -1
752.00 453.40 1
911.86 851.49 1
78.74 -715.31 -1
-75.81 -529.33 -1
724.53 -580.78 1
559.36 687.36 1
993.65 999.45 1
223.04 -215.10 1
-467.56 -405.42 -1
680.34 -952.51 -1
-248.25 -814.75 -1
354.45 -887.57 -1
-982.42 837.64 -1
-448.21 -454.19 -1
175.85 382.41 1
675.27 453.03 1
-30.09 -589.27 -1
487.52 -63.05 1
-84.05 898.37 1
488.92 -783.43 -1
198.13 -229.51 -1
470.06 217.97 1
144.85 -277.30 -1
-696.88 -549.78 -1
-149.67 605.81 1
34.24 980.04 1
503.14 -308.86 1
-662.03 314.66 -1
-16.18 -872.92 -1
399.56 9.64 1
-705.00 899.22 1
-716.84 810.29 1
385.83 -393.88 -1
-146.86 -859.24 -1
933.28 366.42 1
-693.52 754.56 1
643.41 164.13 1
-617.29 -644.20 -1
634.44 -49.44 1
-688.88 7.87 -1
464.08 -188.79 1
-440.82 137.52 -1
364.52 511.75 1
443.87 -49.38 1
-753.95 -264.36 -1
669.41 -929.81 -1
34.06 326.01 1
-147.53 -790.64 -1
898.74 842.82 1
99.13 -308.00 -1
-56.52 -250.02 -1
694.01 -366.23 1
-87.77 -456.20 -1
966.00 -404.38 1
478.42 134.59 1
-608.01 522.68 -1
678.94 -204.66 1
1.83 780.38 1
-945.07 989.32 1
145.21 -898.98 -1
62.69 -611.85 -1
686.14 253.56 1
315.27 -604.28 -1
684.37 -753.34 -1
-780.14 486.30 -1
-371.85 882.20 1
-427.82 -327.35 -1
-719.47 466.21 -1
669.29 416.04 1
200.51 494.48 1
-494.54 -711.04 -1
-996.76 -877.98 -1
612.53 705.30 1
-578.83 -768.78 -1
106.45 -971.49 -1
-772.45 -90.95 -1
504.49 372.34 1
86.92 -852.22 -1
-126.53 -596.11 -1
392.48 -419.28 -1
-126.59 -535.13 -1
155.77 65.19 1
257.40 -679.61 -1
8.30 926.14 1
391.56 849.66 1
-620.09 -328.08 -1
-643.29 990.42 1
-85.09 996.09 1
-804.98 250.38 -1
-811.21 -124.52 -1
863.09 -903.13 -1
789.29 -419.95 1
-545.38 538.18 -1
-178.54 -596.04 -1
256.18 208.33 1
-96.75 -67.26 -1
195.69 269.49 1
709.64 657.63 1
249.59 441.86 1
131.54 -249.71 -1
-631.45 475.86 -1
110.30 810.23 1
-514.25 -622.11 -1
209.49 397.06 1
169.26 -297.38 -1
-11.05 -839.22 -1
481.54 224.13 1
240.80 382.29 1
609.11 -701.76 -1
152.11 735.52 1
823.17 229.45 1
455.41 -913.57 -1
335.59 953.12 1
-369.96 138.44 -1
-388.33 -652.14 -1
-782.88 738.14 -1
702.50 488.68 1
-690.23 -346.15 -1
-841.30 -846.79 -1
282.00 640.05 1
90.22 -103.46 -1
-182.02 -402.49 -1
-68.85 2.44 -1
-694.68 -353.90 -1
476.04 -372.22 1
653.42 918.21 1
746.75 450.10 1
-399.87 888.05 1
-745.53 -868.52 -1
569.98 49.20 1
219.31 912.29 1
-855.46 751.33 -1
307.76 -355.73 -1
-790.39 10.13 -1
-545.81 -419.40 -1
840.02 102.36 1
325.64 -770.92 -1
-14.89 -241.71 -1
-6.35 586.77 1
18.56 -235.24 -1
376.37 64.33 1
212.60 -209.61 1
-988.22 415.80 -1
-798.75 246.17 -1
726.55 -16.97 1
494.72 -6.16 1
-239.76 570.77 1
105.66 -285.78 -1
911.49 261.73 1
-646.83 -251.48 -1
-736.74 486.60 -1
903.50 224.01 1
-944.33 -340.29 -1
-888.18 278.46 -1
-736.74 694.20 -1
728.68 193.80 1
443.33 707.99 1
-970.64 -747.05 -1
415.86 234.33 1
-564.85 -868.10 -1
-662.15 248.25 -1
-318.01 -361.17 -1
-264.85 322.04 1
604.83 613.81 1
53.10 222.24 1
596.41 801.26 1
-710.37 260.39 -1
-195.14 -492.58 -1
-726.91 710.43 -1
-867.67 -144.36 -1
146.74 -395.41 -1
96.14 -548.86 -1
-377.28 -778.73 -1
616.13 -730.57 -1
-431.48 576.27 1
790.51 579.32 1
487.64 230.48 1
-277.73 713.36 1
-543.00 727.22 1
-541.11 -500.89 -1
84.84 969.72 1
-892.39 -837.15 -1
49.38 -146.37 -1
-810.66 -482.39 -1
783.13 -534.46 1
-706.89 -749.80 -1
863.33 -839.77 1
-905.82 -882.56 -1
-327.17 829.46 1
-202.77 -134.41 -1
892.39 674.42 1
68.49 684.25 1
387.11 -204.60 1
-481.66 -991.33 -1
51.21 909.66 1
-202.59 -517.79 -1
171.15 -489.71 -1
368.06 890.62 1
-128.98 780.50 1
-985.66 882.01 -1
203.14 572.36 1
153.39 -715.13 -1
-555.33 -233.96 -1
-991.45 -164.13 -1
-835.50 319.90 -1
710.25 -870.29 -1
622.17 324.18 1
383.02 605.44 1
60.31 371.30 1
-714.46 379.05 -1
455.84 555.51 1
-937.86 737.41 -1
289.08 413.17 1
-829.09 104.01 -1
895.87 -882.44 1
-450.04 -709.64 -1
963.62 240.00 1
-415.49 845.02 1
-264.91 389.12 1
-562.72 -688.15 -1
-518.89 42.91 -1
804.61 -787.16 1
805.35 -116.52 1
-839.77 564.24 -1
-656.41 948.85 1
551.79 740.83 1
-578.71 -86.74 -1
-992.49 501.31 -1
-771.90 -190.56 -1
-377.71 985.29 1
-922.85 -495.82 -1
-621.44 -504.61 -1
-692.97 240.68 -1
770.80 878.23 1
-608.68 559.36 -1
291.16 313.56 1
818.35 -89.06 1
842.64 328.39 1
-698.47 272.72 -1
139.11 -155.89 -1
886.10 81.18 1
157.18 72.94 1
-489.41 -206.07 -1
-299.46 -926.75 -1
590.55 -606.97 -1
-859.43 -221.14 -1
181.53 -858.15 -1
-604.65 -688.21 -1
288.71 -91.31 1
208.63 394.74 1
-117.38 368.98 1
-206.92 671.49 1
184.46 -600.81 -1
898.98 752.06 1
-216.57 974.97 1
-629.37 791.49 1
148.93 -115.85 1
254.72 417.08 1
-900.75 -428.86 -1
-479.58 -184.70 -1
790.70 420.44 1
456.94 792.16 1
-212.84 -205.15 -1
807.79 -382.77 1
-223.77 141.18 -1
-292.86 467.44 1
490.75 472.81 1
478.91 -721.36 -1
-599.65 -454.80 -1
360.92 822.32 1
-264.30 35.34 -1
-781.24 814.93 1
-593.85 35.95 -1
309.71 -122.93 1
375.33 -819.14 -1
-840.87 -848.44 -1
-944.39 -289.81 -1
-385.52 394.62 1
-714.64 -210.28 -1
-864.31 351.52 -1
449.92 -602.58 -1
388.09 231.46 1
309.83 88.02 1
-803.39 90.76 -1
-900.75 949.22 1
-71.90 940.00 1
455.78 61.95 1
359.89 385.64 1
-255.75 -222.73 -1
-900.08 619.61 -1
-660.87 -878.35 -1
-378.87 569.00 1
-575.05 -356.16 -1
-30.64 -981.69 -1
-120.25 15.75 -1
211.93 517.12 1
-197.83 -300.37 -1
685.34 884.70 1
246.66 994.63 1
-893.06 125.74 -1
727.16 -226.45 1
-387.17 -431.54 -1
-946.59 225.17 -1
-217.60 -962.77 -1
-937.92 -88.57 -1
715.93 873.59 1
-196.18 454.62 1
223.22 616.80 1
750.90 165.23 1
190.08 -841.97 -1
586.40 -75.57 1
181.29 178.90 1
138.44 632.18 1
345.54 -312.82 1
-979.55 -465.36 -1
-316.85 -535.80 -1
542.09 -256.49 1
739.79 -766.28 -1
451.20 257.89 1
787.95 -633.95 1
71.17 804.07 1
560.21 930.48 1
-605.26 803.15 1
594.88 906.85 1
697.67 780.75 1
257.46 -629.07 -1
233.90 -470.00 -1
-498.69 464.44 -1
576.27 -658.12 -1
427.82 -38.09 1
-837.03 613.14 -1
710.74 -750.72 -1
-385.03 146.68 -1
-54.02 524.14 1
-616.25 455.59 -1
990.11 -969.30 1
295.31 383.32 1
-651.71 -855.77 -1
-450.04 353.29 -1
677.90 113.35 1
-257.52 559.06 1
-534.94 276.51 -1
-536.65 -590.80 -1
942.14 -436.49 1
-954.22 538.49 -1
-696.33 -906.06 -1
-981.51 -302.81 -1
287.80 -313.50 -1
-170.85 -166.94 -1
-818.65 90.40 -1
398.58 -323.99 1
315.08 752.55 1
70.99 140.08 1
-892.02 -68.42 -1
-480.01 -146.37 -1
726.73 -26.80 1
-825.12 131.66 -1
418.85 556.98 1
728.50 701.15 1
-413.97 728.80 1
289.87 493.74 1
657.33 531.28 1
743.88 816.70 1
825.12 43.95 1
-119.64 -784.72 -1
-291.95 646.16 1
-144.54 -660.32 -1
-998.29 314.96 -1
547.15 -872.55 -1
-820.36 -228.65 -1
367.82 615.27 1
-691.81 -714.28 -1
-903.07 -307.70 -1
-962.89 956.91 -1
295.31 -892.69 -1
828.36 274.98 1
-136.54 -957.88 -1
-514.80 -216.08 -1
308.06 563.82 1
-954.34 652.14 -1
-723.13 268.57 -1
100.84 967.04 1
-73.12 -570.41 -1
-398.58 564.37 1
-314.90 -38.76 -1
216.08 -794.97 -1
968.93 511.69 1
-698.22 -87.16 -1
423.30 997.56 1
551.06 283.34 1
242.45 892.27 1
376.37 -420.37 -1
134.35 -419.22 -1
96.50 424.77 1
-507.11 93.39 -1
-14.71 904.17 1
339.68 530.37 1
246.78 -108.47 1
597.57 491.12 1
977.90 -590.73 1
258.99 819.69 1
182.63 836.84 1
11.11 -21.18 -1
-100.53 778.73 1
880.85 -634.13 1
-496.06 -593.97 -1
461.03 882.32 1
250.20 -917.29 -1
282.73 -930.97 -1
112.74 88.99 1
-107.31 -877.25 -1
992.13 -744.49 1
201.86 -899.29 -1
-654.40 320.52 -1
-335.10 -368.06 -1
307.21 -178.90 1
-144.97 -556.74 -1
357.08 -667.09 -1
-4.88 15.32 1
605.51 -129.83 1
-990.97 -321.00 -1
-248.18 -742.84 -1
654.70 466.64 1
782.34 286.70 1
301.23 28.99 1
467.99 474.39 1
914.24 -68.30 1
-273.45 -775.62 -1
809.38 642.50 1
-90.40 -782.64 -1
738.94 522.80 1
-921.75 -166.64 -1
872.31 -864.49 1
-670.27 -577.43 -1
-766.16 182.26 -1
-763.29 236.59 -1
160.23 380.64 1
463.16 831.35 1
339.50 -402.98 -1
617.77 -243.61 1
995.06 545.08 1
-591.16 -658.85 -1
-223.46 -637.55 -1
162.00 -608.74 -1
920.34 -619.48 1
-236.53 -391.99 -1
-758.35 -603.67 -1
-907.53 542.39 -1
522.13 762.13 1
-996.46 -102.73 -1
-147.23 603.13 1
-77.28 -10.25 -1
498.81 -522.98 -1
118.84 -814.50 -1
844.11 787.71 1
714.09 -880.73 -1
-18.19 264.12 1
494.48 512.18 1
-488.49 819.87 1
584.02 -600.74 -1
105.72 -897.52 -1
44.38 580.78 1
408.35 -951.90 -1
463.53 106.76 1
828.48 751.14 1
593.91 -389.12 1
-210.10 -36.20 -1
-894.83 303.97 -1
-998.29 537.20 -1
512.42 -560.52 -1
-690.47 -884.94 -1
341.27 -934.63 -1
-308.25 395.78 1
596.35 -127.45 1
963.50 271.13 1
-409.39 -46.02 -1
748.76 -841.42 -1
-798.02 -713.54 -1
-713.97 836.05 1
-382.53 -252.33 -1
627.72 -906.73 -1
628.46 -519.99 1
795.82 -486.97 1
-461.27 -583.96 -1
-541.23 692.36 1
749.74 775.44 1
689.62 218.58 1
-918.21 -652.93 -1
-632.48 -288.16 -1
-101.45 -629.86 -1
788.99 246.11 1
92.72 823.41 1
45.23 461.33 1
998.72 938.72 1
734.91 680.46 1
-706.65 -251.18 -1
-431.24 -658.06 -1
947.57 483.67 1
433.25 -938.23 -1
290.12 625.47 1
471.89 636.39 1
-750.72 437.83 -1
-249.83 299.70 1
830.92 779.41 1
-935.67 547.03 -1
-102.24 -984.86 -1
-542.76 -163.03 -1
-686.81 838.12 1
3.42 -514.25 -1
509.00 813.10 1
-573.03 -935.79 -1
542.39 -543.49 -1
113.23 612.83 1
704.08 -336.75 1
77.89 983.64 1
738.75 293.78 1
-544.53 625.65 1
-257.89 -266.19 -1
-930.05 122.63 -1
-204.24 -760.42 -1
-350.12 798.08 1
-597.02 880.42 1
-749.86 698.71 -1
787.95 -108.83 1
-555.76 269.55 -1
120.19 248.12 1
-152.66 -967.04 -1
728.32 -720.75 1
-465.18 -416.04 -1
363.36 122.93 1
917.72 214.49 1
576.51 -154.55 1
636.82 478.97 1
-728.44 33.08 -1
-959.84 -986.02 -1
496.67 -332.23 1
804.31 -75.44 1
535.86 -898.98 -1
261.98 -951.66 -1
364.89 938.23 1
0.92 412.81 1
-468.11 644.75 1
293.29 194.47 1
-472.75 688.52 1
-79.84 496.37 1
-296.77 -971.01 -1
-46.88 253.01 1
-192.21 -232.74 -1
-944.76 -422.33 -1
193.74 767.81 1
-135.63 863.15 1
-234.02 66.29 -1
-979.86 948.54 -1
730.45 -125.13 1
399.32 -334.07 1
204.72 -2.87 1
119.27 -921.99 -1
-243.55 -533.91 -1
874.75 719.10 1
928.28 217.66 1
167.98 -847.10 -1
-185.92 -389.37 -1
-2.81 -839.90 -1
749.62 -391.44 1
563.08 865.84 1
176.89 -567.54 -1
-441.37 121.47 -1
748.89 -499.85 1
-397.18 454.31 1
733.26 -537.81 1
-618.57 -106.39 -1
780.75 148.69 1
-942.44 990.54 1
-881.52 238.42 -1
-486.11 -660.32 -1
-767.75 -537.02 -1
-10.19 919.67 1
-901.42 -840.75 -1
-324.67 -440.52 -1
31.13 -18.86 1
-175.43 849.48 1
202.16 -415.67 -1
-48.46 -196.67 -1
902.70 96.75 1
669.90 588.90 1
603.37 185.74 1
740.22 -363.85 1
878.41 -464.14 1
886.71 437.59 1
-744.74 549.84 -1
-54.20 -648.17 -1
-946.65 -916.74 -1
-90.40 724.65 1
-727.77 -971.07 -1
-574.44 637.12 1
594.46 559.36 1
317.04 -402.49 -1
562.90 843.07 1
684.31 -514.74 1
-2.44 -953.98 -1
-848.56 -938.23 -1
-287.55 430.69 1
-180.37 -639.14 -1
-404.14 -635.78 -1
489.84 -730.51 -1
-883.54 51.27 -1
-282.24 613.50 1
-682.35 799.79 1
-736.37 -941.52 -1
-637.12 636.21 -1
-501.56 141.43 -1
-306.17 79.90 -1
329.85 741.56 1
865.10 890.62 1
-789.60 -693.52 -1
115.97 600.56 1
790.33 -854.97 -1
744.67 644.88 1
-223.40 97.60 -1
343.95 -98.09 1
-437.22 898.98 1
964.35 456.14 1
189.65 -455.23 -1
-736.07 -604.10 -1
201.06 -25.27 1
-289.32 -540.13 -1
-43.09 383.63 1
896.36 342.31 1
965.21 -524.93 1
27.16 -528.35 -1
796.13 -31.25 1
-347.07 75.02 -1
141.61 -326.92 -1
-303.67 -661.54 -1
-419.64 -561.44 -1
845.69 479.40 1
614.05 300.92 1
373.44 -459.81 -1
533.79 -871.15 -1
443.57 718.18 1
-316.85 -911.25 -1
-31.37 -958.43 -1
676.43 237.08 1
81.18 208.14 1
137.40 554.78 1
280.11 393.52 1
519.93 736.07 1
-684.00 -152.96 -1
572.97 -957.15 -1
-123.24 -915.71 -1
12.64 -461.45 -1
-863.46 -510.29 -1
964.17 12.94 1
231.09 -857.96 -1
-264.97 911.13 1
720.20 -325.03 1
-516.21 -420.92 -1
-898.07 985.47 1
-655.07 -862.17 -1
-559.73 -398.16 -1
573.77 299.27 1
-832.63 -474.46 -1
-727.03 -564.91 -1
125.19 -643.47 -1
264.60 -786.18 -1
-92.53 517.73 1
-332.36 -885.19 -1
-434.96 388.63 -1
746.57 135.20 1
737.04 -837.58 -1
590.86 999.39 1
270.04 237.75 1
189.59 186.29 1
-611.49 957.82 1
-536.96 -915.40 -1
-521.88 -489.71 -1
-186.35 589.94 1
-455.04 800.16 1
-241.10 455.17 1
-587.01 -894.10 -1
209.18 -292.01 -1
-277.48 336.26 1
952.15 -552.71 1
791.61 -306.05 1
907.10 330.28 1
-596.66 -435.27 -1
-289.08 64.03 -1
-417.99 -560.03 -1
-800.77 -786.55 -1
418.73 687.66 1
343.77 638.34 1
-988.46 -17.27 -1
209.30 870.72 1
-418.73 211.68 -1
493.87 747.73 1
824.51 660.26 1
211.87 -390.22 -1
568.52 -699.75 -1
85.27 378.14 1
-210.71 986.45 1
-796.13 -176.77 -1
-945.13 374.90 -1
-482.21 -661.97 -1
-542.70 -621.99 -1
724.47 526.64 1
-904.78 -33.51 -1
-887.69 922.54 1
-830.01 130.99 -1
925.17 147.84 1
757.37 -182.57 1
-193.68 -172.98 -1
317.10 646.77 1
890.44 -433.74 1
-995.54 232.56 -1
-901.12 312.15 -1
-156.08 909.05 1
207.96 -598.24 -1
-171.21 -318.87 -1
246.29 616.86 1
-990.29 -789.48 -1
-211.13 -446.26 -1
-366.42 648.54 1
707.07 -376.92 1
-604.65 129.40 -1
-61.83 990.29 1
-133.49 -263.02 -1
-162.42 -230.24 -1
160.90 755.54 1
-325.15 -213.21 -1
902.15 18.31 1
-162.79 216.63 1
553.56 -832.69 -1
-697.61 -584.14 -1
-825.31 -365.44 -1
-56.34 258.32 1
-334.43 -841.36 -1
229.08 -714.34 -1
-438.56 650.00 1
-121.83 988.89 1
-558.08 -785.33 -1
38.03 -470.79 -1
-985.29 152.54 -1
541.17 -784.96 -1
938.47 -261.12 1
808.03 43.46 1
-554.66 -394.74 -1
-43.03 -378.75 -1
-171.15 529.51 1
683.27 -221.75 1
-145.03 448.39 1
469.88 -817.19 -1
-836.54 506.20 -1
694.01 275.65 1
-280.72 -49.93 -1
-811.21 -169.38 -1
-623.27 -313.74 -1
826.83 -541.35 1
-379.36 -691.45 -1
-316.91 -635.41 -1
-455.41 -588.11 -1
-655.07 -329.43 -1
-869.13 3.85 -1
927.42 618.57 1
-107.06 826.04 1
-641.46 -36.14 -1
-55.79 398.52 1
-502.78 873.47 1
-445.10 -400.90 -1
644.94 639.32 1
259.84 590.18 1
-985.59 -478.06 -1
-420.92 906.00 1
718.98 34.91 1
415.06 -487.64 -1
842.15 -17.46 1
-812.92 652.02 -1
-846.61 -434.72 -1
-232.25 286.58 1
30.21 -136.91 -1
-718.55 950.01 1
-850.76 -989.62 -1
829.64 -176.65 1
510.71 -624.67 -1
-796.56 -153.70 -1
355.92 54.87 1
648.48 674.42 1
-457.00 -0.98 -1
740.95 -702.01 1
941.65 76.79 1
-558.63 -866.51 -1
-590.73 -604.53 -1
-614.17 -600.93 -1
913.63 187.02 1
477.63 -411.22 1
359.70 572.30 1
842.70 856.92 1
688.70 -482.02 1
-789.11 -876.21 -1
807.61 -703.35 1
785.57 -281.15 1
913.45 -236.83 1
-337.06 369.16 1
775.13 -239.76 1
-133.43 349.33 1
-465.79 -34.30 -1
55.73 604.16 1
588.29 492.71 1
-26.61 655.62 1
118.11 -442.41 -1
-305.62 -891.72 -1
822.56 525.85 1
-263.02 -435.21 -1
-577.49 -350.85 -1
-899.71 763.29 -1
-502.35 -192.33 -1
-710.25 750.60 1
216.26 567.36 1
-606.30 -96.56 -1
523.59 -133.31 1
272.97 609.17 1
-651.10 -354.64 -1
926.45 418.85 1
-604.90 725.81 1
-905.39 486.48 -1
-927.91 -738.33 -1
-835.26 105.41 -1
137.95 66.04 1
-562.23 -845.63 -1
-390.77 -871.09 -1
-177.44 -732.59 -1
-496.61 641.34 1
17.58 -462.55 -1
975.95 833.12 1
-756.52 -431.12 -1
413.97 -58.11 1
-410.49 -310.69 -1
50.24 622.29 1
34.49 -865.35 -1
658.49 108.83 1
-792.71 19.17 -1
893.43 446.26 1
-52.13 -97.36 -1
837.82 97.72 1
-269.43 768.78 1
319.48 -754.93 -1
14.83 -775.13 -1
-440.40 92.96 -1
582.62 -261.61 1
716.29 488.74 1
-72.27 -280.66 -1
-115.79 171.89 1
-241.90 264.12 1
115.24 -34.79 1
673.38 -628.58 1
-980.59 -781.48 -1
-918.76 -556.43 -1
-488.07 -179.39 -1
415.25 -114.51 1
-733.87 88.14 -1
713.61 613.32 1
-563.45 847.71 1
-373.25 -713.54 -1
213.76 -979.43 -1
911.19 74.53 1
-226.21 -975.22 -1
-525.85 771.47 1
184.95 -694.81 -1
-966.92 70.44 -1
833.49 305.50 1
-551.06 -188.85 -1
931.70 -805.84 1
-200.82 12.27 -1
-329.37 -343.16 -1
250.87 -498.44 -1
-420.07 67.08 -1
797.41 -43.83 1
-343.65 349.20 1
-79.29 165.54 1
-174.45 844.66 1
-758.04 329.49 -1
-702.62 -505.22 -1
-776.84 -795.95 -1
379.05 652.93 1
-18.49 -92.47 -1
306.90 -162.97 1
279.86 -801.56 -1
661.23 -262.71 1
755.97 40.10 1
924.62 -210.58 1
451.44 261.25 1
-251.72 626.87 1
705.18 -872.12 -1
487.21 -275.22 1
-528.78 637.98 1
567.48 -452.12 1
126.47 -650.55 -1
-751.51 514.25 -1
-172.37 -441.13 -1
-658.06 88.45 -1
-517.49 -362.75 -1
-549.84 316.12 -1
396.87 340.54 1
286.70 -887.93 -1
-340.96 904.54 1
-358.60 -384.73 -1
-674.05 -262.89 -1
-447.11 922.30 1
-527.56 -478.36 -1
249.71 512.12 1
165.66 -457.97 -1
424.34 -324.18 1
428.31 -956.85 -1
401.15 261.43 1
-747.24 439.79 -1
-238.17 47.92 -1
728.32 183.91 1
-9.64 -938.41 -1
343.59 107.00 1
-300.80 145.21 -1
528.60 -954.71 -1
-998.72 93.94 -1
496.19 -435.51 1
588.11 670.51 1
447.66 -407.07 1
77.34 -188.79 -1
-796.44 -221.20 -1
-806.57 336.45 -1
-676.31 381.92 -1
341.57 477.08 1
776.54 513.21 1
139.05 -470.12 -1
-777.09 -465.73 -1
466.95 955.01 1
-24.17 -570.16 -1
602.45 225.84 1
-302.94 -34.73 -1
997.07 -252.64 1
896.05 -558.75 1
260.57 151.44 1
-708.91 859.85 1
-84.11 284.69 1
-902.70 311.54 -1
484.83 -800.04 -1
301.53 -600.81 -1
-531.28 464.32 -1
989.14 508.27 1
786.67 95.34 1
783.62 737.78 1
231.95 439.85 1
462.19 -696.15 -1
512.48 -694.44 -1
-190.50 229.02 1
433.62 660.01 1
772.14 -872.55 -1
-210.46 207.29 -1
-23.81 -97.23 -1
523.65 157.60 1
-328.51 166.15 -1
-279.31 499.54 1
-837.09 -808.70 -1
994.20 -911.07 1
-206.62 -783.62 -1
-170.05 -132.15 -1
-460.54 -93.94 -1
-550.02 -477.32 -1
283.53 786.24 1
757.98 -101.32 1
-176.59 -535.86 -1
928.89 478.79 1
-316.55 446.13 1
206.80 242.93 1
788.50 365.01 1
-528.72 -782.40 -1
63.36 431.06 1
135.93 -969.79 -1
21.85 -83.07 -1
941.77 779.34 1
404.81 -508.33 -1
-792.90 -466.64 -1
-67.39 213.58 1
-901.85 -227.61 -1
-766.71 996.40 1
479.89 -918.33 -1
-991.21 360.56 -1
912.90 413.29 1
501.80 -717.82 -1
356.59 225.54 1
326.01 952.08 1
-857.78 814.87 -1
722.70 257.03 1
778.06 150.34 1
-695.60 797.29 1
147.84 -474.09 -1
-649.03 250.63 -1
668.68 340.60 1
717.33 -102.91 1
966.00 320.27 1
417.57 -883.54 -1
632.00 493.87 1
948.36 670.76 1
-371.73 -764.70 -1
-588.96 -416.41 -1
895.62 685.04 1
-500.46 -568.15 -1
732.41 -138.19 1
-588.54 857.54 1
506.68 -219.98 1
-250.50 115.97 -1
261.49 882.20 1
472.56 472.14 1
-222.55 100.41 -1
960.51 256.00 1
-344.63 -139.90 -1
254.72 391.38 1
-19.72 336.81 1
-463.29 -790.51 -1
-869.62 -720.44 -1
-92.05 -639.44 -1
293.05 713.61 1
-467.80 635.23 1
249.83 833.67 1
-795.46 -491.61 -1
-5.68 402.31 1
408.29 -780.81 -1
-256.00 -36.38 -1
922.11 -802.30 1
-90.95 -813.65 -1
41.51 -348.04 -1
581.09 648.36 1
475.68 127.94 1
-896.54 -625.28 -1
981.81 -145.58 1
286.88 442.90 1
801.56 685.95 1
830.74 -34.00 1
-40.35 455.04 1
515.47 -232.07 1
489.29 -451.99 1
-274.19 -937.56 -1
644.57 515.84 1
-130.62 -551.43 -1
-835.07 -468.53 -1
251.42 534.58 1
-347.68 -490.57 -1
-30.03 503.81 1
123.91 -304.16 -1
392.66 934.32 1
-196.61 -454.62 -1
777.82 184.76 1
213.27 -305.26 -1
602.88 659.59 1
630.04 -153.15 1
-837.45 264.85 -1
965.15 377.40 1
-1.40 -631.45 -1
134.59 -523.23 -1
724.04 -422.14 1
979.19 639.93 1
-194.96 -356.53 -1
-202.65 315.20 1
861.81 807.79 1
-444.61 527.38 1
51.46 904.60 1
834.10 284.93 1
-904.17 -472.87 -1
-422.69 585.00 1
-483.86 -425.93 -1
-296.16 828.85 1
637.00 -513.21 1
-355.67 -540.32 -1
922.42 -509.00 1
867.24 636.03 1
-793.20 154.55 -1
-545.26 -248.06 -1
-617.16 574.25 -1
793.51 -381.49 1
-891.66 504.12 -1
438.63 117.01 1
95.89 -262.77 -1
-781.18 -862.24 -1
546.30 -945.49 -1
-359.70 -383.32 -1
-710.07 51.88 -1
-345.54 481.47 1
197.03 159.13 1
851.80 320.94 1
419.64 162.61 1
-856.44 -410.49 -1
-970.76 544.41 -1
994.93 159.13 1
-389.49 -49.75 -1
-730.09 31.25 -1
-625.53 99.19 -1
-245.50 21.91 -1
354.70 446.56 1
415.37 231.64 1
-753.28 914.00 1
461.33 -887.26 -1
-544.10 -2.32 -1
-732.65 947.93 1
-86.61 569.31 1
224.50 549.47 1
225.23 678.81 1
-422.45 996.15 1
715.31 -324.36 1
-685.41 -784.59 -1
925.90 957.76 1
168.83 -772.33 -1
-863.03 -338.09 -1
-203.50 -138.25 -1
468.90 609.17 1
193.43 756.27 1
127.39 814.75 1
-588.17 -541.54 -1
-641.76 -121.16 -1
-359.21 -566.44 -1
669.54 567.42 1
712.32 -203.87 1
-113.59 897.58 1
-904.60 576.88 -1
-398.77 39.00 -1
-558.08 337.42 -1
-420.62 -655.07 -1
744.49 -55.30 1
685.65 823.60 1
170.60 -681.38 -1
-107.92 364.10 1
635.72 964.17 1
930.97 28.93 1
-824.02 -898.55 -1
153.76 725.08 1
185.38 206.74 1
161.08 -433.99 -1
577.31 -225.66 1
763.29 -760.91 1
935.97 -884.51 1
-163.89 -312.27 -1
-282.85 -996.03 -1
-365.87 -576.88 -1
563.76 -18.43 1
-877.74 778.06 -1
-204.79 137.22 -1
-109.50 413.17 1
137.15 170.24 1
212.48 -608.92 -1
-249.53 552.10 1
811.70 128.61 1
624.24 597.81 1
896.54 540.38 1
-605.75 260.03 -1
27.89 686.69 1
650.31 458.40 1
381.31 237.50 1
-206.92 756.82 1
965.64 65.80 1
-493.99 200.15 -1
361.59 281.63 1
901.42 124.52 1
-457.36 20.39 -1
-594.70 752.00 1
-660.26 -701.95 -1
444.24 383.08 1
113.65 244.34 1
992.98 999.94 1
196.42 27.89 1
50.42 -908.62 -1
665.32 785.39 1
102.24 -485.99 -1
-989.32 866.63 -1
635.05 -800.34 -1
-738.33 709.03 -1
-236.77 524.69 1
-869.50 -346.88 -1
-967.65 -849.78 -1
-260.33 -987.49 -1
-539.77 149.24 -1
492.95 -290.61 1
-121.16 -770.49 -1
654.03 -210.46 1
-360.25 868.64 1
194.35 128.79 1
745.47 169.57 1
-527.19 -356.77 -1
-531.83 253.62 -1
310.87 315.69 1
520.91 -0.73 1
23.01 -648.90 -1
-160.23 -57.99 -1
968.81 774.10 1
-955.69 -853.45 -1
-814.81 -221.20 -1
-365.62 864.62 1
664.71 147.04 1
-11.60 -210.58 -1
839.53 43.95 1
-774.77 721.97 -1
-164.13 505.71 1
991.52 -542.33 1
-939.63 -69.28 -1
-763.23 -289.08 -1
-319.48 887.99 1
-959.17 884.58 -1
562.47 553.38 1
552.59 501.50 1
228.29 -911.92 -1
-894.34 108.10 -1
395.41 -729.35 -1
-427.15 462.92 1
-339.80 -304.58 -1
19.59 822.99 1
889.34 849.97 1
722.70 140.45 1
879.51 383.57 1
-386.68 981.87 1
-149.73 880.67 1
209.42 -17.88 1
-668.74 449.25 -1
-902.09 -353.05 -1
5.55 -560.83 -1
-969.11 -685.16 -1
73.61 -398.28 -1
697.43 91.92 1
-301.29 -997.56 -1
-766.95 -428.43 -1
97.17 -998.41 -1
531.40 -847.22 -1
835.20 612.16 1
-582.49 -232.74 -1
-104.19 550.08 1
748.21 830.31 1
77.40 288.47 1
-500.27 225.84 -1
287.00 427.70 1
907.47 140.57 1
-709.76 -305.32 -1
716.90 556.61 1
481.84 883.78 1
612.89 -782.40 -1
-763.66 -949.22 -1
885.19 -119.33 1
-594.34 275.04 -1
-604.59 -335.71 -1
521.39 297.99 1
908.08 -692.06 1
268.27 -644.69 -1
-154.31 -846.18 -1
-210.95 512.12 1
534.15 663.37 1
384.06 -185.99 1
-2.99 281.88 1
-832.94 -431.73 -1
-635.35 -536.71 -1
242.51 -934.63 -1
958.13 -332.54 1
962.09 54.87 1
-888.60 142.53 -1
-171.52 -712.38 -1
-204.24 -694.93 -1
-395.41 -562.84 -1
-895.20 -469.45 -1
192.64 711.96 1
-331.87 166.03 -1
845.27 471.95 1
-948.79 578.34 -1
271.38 -838.55 -1
-792.83 49.81 -1
199.11 -128.85 1
-958.80 334.43 -1
957.64 -159.31 1
-848.62 -314.05 -1
641.76 -783.80 -1
807.24 172.13 1
420.80 -626.14 -1
228.96 -914.48 -1
-445.89 122.02 -1
231.09 265.70 1
677.23 94.98 1
290.24 142.71 1
918.21 -349.14 1
-897.64 316.91 -1
-589.57 585.85 -1
690.78 -514.07 1
761.70 -23.26 1
126.05 531.77 1
-958.25 465.91 -1
-76.05 -419.70 -1
-145.88 299.15 1
-820.30 846.98 1
-949.89 -569.19 -1
504.18 78.43 1
-348.29 -992.74 -1
822.44 406.40 1
-457.30 542.09 1
-900.93 -577.92 -1
-507.29 94.37 -1
-948.67 -712.20 -1
75.20 -234.82 -1
-87.04 694.38 1
-957.27 -178.90 -1
-689.13 479.64 -1
-277.97 -240.19 -1
-680.95 -279.86 -1
-9.71 -369.83 -1
-250.81 106.82 -1
396.87 -82.10 1
-257.16 -581.15 -1
991.64 -689.68 1
-273.09 -91.86 -1
-577.43 653.24 1
794.54 405.36 1
-133.68 410.30 1
-425.50 -37.72 -1
-647.99 -59.57 -1
-348.29 -158.64 -1
-957.03 -97.23 -1
-399.74 -335.23 -1
-962.09 103.89 -1
692.85 537.57 1
253.86 98.58 1
348.10 954.34 1
-46.51 857.05 1
379.30 304.77 1
480.44 810.96 1
105.29 -210.95 -1
-237.44 591.16 1
-611.43 -444.42 -1
-851.19 -230.91 -1
-339.62 -126.05 -1
-860.22 -85.39 -1
-2.69 -843.98 -1
575.29 -717.27 -1
310.99 636.70 1
-158.46 -558.14 -1
713.61 527.19 1
-339.13 -844.11 -1
-878.65 -545.81 -1
25.33 -167.31 -1
159.86 -3.78 1
837.51 -148.75 1
-569.31 129.77 -1
820.97 80.88 1
206.19 -601.23 -1
262.65 -96.38 1
610.51 -380.94 1
150.09 53.53 1
352.68 930.05 1
-734.91 -415.37 -1
-927.55 -993.10 -1
-202.65 -719.77 -1
-637.80 246.11 -1
-959.96 816.58 -1
526.70 734.18 1
-270.04 -8.06 -1
143.75 -183.91 -1
594.58 -663.86 -1
-511.26 73.31 -1
-331.56 410.06 1
-115.61 523.41 1
-57.50 -890.74 -1
38.45 856.31 1
-93.27 285.48 1
-567.05 -482.88 -1
550.51 994.51 1
-173.35 -549.96 -1
-617.53 687.79 1
-67.63 314.05 1
-967.53 -343.16 -1
-666.18 983.95 1
997.74 44.19 1
702.50 -850.39 -1
95.83 733.02 1
377.65 -174.82 1
188.55 428.74 1
373.01 -419.83 -1
735.95 244.16 1
-129.46 306.78 1
746.14 101.02 1
-733.87 -666.06 -1
-318.13 260.70 -1
827.93 -297.20 1
-113.53 295.79 1
-970.15 -587.01 -1
91.80 816.27 1
625.59 -544.04 1
571.08 261.43 1
-479.83 -555.45 -1
-501.92 71.42 -1
507.97 653.60 1
-923.15 549.53 -1
934.14 -717.45 1
-997.44 728.44 -1
345.60 -245.80 1
-182.81 553.56 1
-807.48 859.61 1
-277.73 694.44 1
643.11 564.49 1
-588.72 298.11 -1
573.34 287.80 1
484.10 -3.85 1
-203.26 465.36 1
5.25 478.12 1
-406.58 211.13 -1
770.55 -56.16 1
602.88 888.97 1
-158.09 747.54 1
142.46 406.52 1
915.16 545.14 1
14.83 44.80 1
-918.57 258.62 -1
-135.02 635.35 1
-452.85 169.14 -1
151.56 -103.16 1
871.70 451.20 1
-206.49 -254.59 -1
287.92 -539.10 -1
555.03 -610.63 -1
-332.05 91.19 -1
-768.72 -977.97 -1
-305.07 -495.09 -1
-302.08 -75.63 -1
804.37 560.34 1
-114.69 -209.79 -1
458.10 239.58 1
-257.95 -912.71 -1
-687.30 -605.44 -1
-751.33 -734.73 -1
-155.40 -879.08 -1
545.38 624.31 1
-5.55 73.73 1
-766.10 655.56 -1
-605.63 37.11 -1
920.34 668.19 1
739.49 60.18 1
55.42 -487.27 -1
-134.53 472.07 1
-858.57 215.53 -1
-902.64 -912.04 -1
-637.67 334.74 -1
-571.02 919.86 1
703.53 -147.10 1
97.54 -297.87 -1
621.74 -583.96 1
-885.06 548.37 -1
-671.31 733.63 1
-680.77 47.24 -1
750.66 -49.81 1
-492.77 -886.10 -1
-774.95 -196.06 -1
-787.77 907.16 1
999.88 -619.24 1
689.01 -875.05 -1
594.03 -719.71 -1
667.03 993.35 1
-914.24 -996.76 -1
-562.29 256.18 -1
388.02 375.21 1
-165.29 484.47 1
574.19 -183.48 1
-328.69 12.39 -1
318.68 -726.00 -1
198.25 815.54 1
-488.01 624.24 1
142.53 643.11 1
114.51 -638.22 -1
-108.28 716.35 1
311.05 386.56 1
-615.46 305.99 -1
28.69 -300.62 -1
271.44 501.13 1
880.36 821.95 1
-93.33 481.54 1
596.78 -249.59 1
-264.24 607.34 1
-991.09 -741.87 -1
-360.86 -363.49 -1
-355.49 357.57 1
795.82 384.85 1
-1.04 -265.52 -1
628.82 -861.44 -1
546.05 969.18 1
395.35 -865.23 -1
-451.75 352.74 -1
984.13 -580.17 1
-268.82 -884.21 -1
-518.59 -600.93 -1
-116.83 878.96 1
70.62 391.38 1
-556.49 137.34 -1
-175.43 498.93 1
-858.57 595.19 -1
956.48 106.94 1
-251.79 -841.73 -1
89.12 324.12 1
5.07 400.90 1
107.25 -322.83 -1
-210.34 -684.18 -1
-846.67 -627.85 -1
-417.02 -835.50 -1
331.69 433.93 1
299.64 235.24 1
680.40 -962.58 -1
544.04 325.15 1
976.99 -656.47 1
-645.43 757.07 1
937.62 149.97 1
-500.58 743.82 1
-626.44 672.04 1
-615.94 -86.74 -1
-132.39 -235.37 -1
636.27 -194.65 1
-468.66 -101.93 -1
-572.06 154.43 -1
-591.47 200.27 -1
599.40 769.82 1
84.17 -122.20 -1
644.75 825.61 1
-936.03 328.69 -1
625.10 374.05 1
-514.50 -741.50 -1
-931.21 -106.82 -1
723.74 -886.35 -1
-76.66 683.27 1
453.76 -857.17 -1
-380.94 -78.31 -1
733.50 -599.71 1
310.87 -807.48 -1
-332.54 2.87 -1
-644.08 299.82 -1
-784.11 -46.39 -1
93.94 -821.34 -1
710.86 844.05 1
-10.50 -282.55 -1
640.73 -252.09 1
-799.00 301.41 -1
268.69 619.24 1
-362.57 892.21 1
-355.73 505.89 1
-434.17 -545.14 -1
-427.76 -106.94 -1
-167.43 -454.68 -1
101.14 -512.54 -1
760.00 -130.32 1
-906.06 755.78 -1
-218.95 -370.57 -1
-556.74 529.15 -1
875.79 464.14 1
493.26 987.24 1
-130.32 804.07 1
231.15 -667.34 -1
659.16 -554.36 1
-188.61 470.98 1
424.16 162.42 1
973.45 -995.42 -1
892.45 162.79 1
-82.83 -141.43 -1
-283.53 208.63 -1
197.77 -155.04 1
-973.08 -793.69 -1
202.16 -516.69 -1
-776.66 -916.80 -1
-229.20 -613.68 -1
-933.59 761.22 -1
-474.27 524.69 1
133.43 -959.35 -1
-531.28 683.27 1
699.14 -792.35 -1
410.91 421.72 1
-894.83 -824.70 -1
797.47 850.88 1
-319.23 -26.55 -1
489.04 538.00 1
-724.84 398.28 -1
62.75 -145.88 -1
-532.14 634.68 1
-804.55 74.89 -1
515.47 663.68 1
691.08 -452.79 1
100.10 267.72 1
-284.93 236.22 -1
941.34 445.64 1
799.30 962.09 1
333.09 -949.15 -1
177.13 641.95 1
-330.53 464.57 1
15.26 -152.48 -1
-978.76 115.85 -1
100.65 -7.75 1
825.67 -336.39 1
-451.75 458.89 1
-248.86 -350.85 -1
90.15 981.99 1
802.30 -564.37 1
-490.75 -403.77 -1
723.31 -756.15 -1
780.57 -535.92 1
766.59 99.37 1
-519.07 894.28 1
-114.20 501.13 1
-967.65 -135.63 -1
418.18 -373.86 1
338.34 -639.50 -1
-683.15 -118.42 -1
-622.29 845.02 1
997.13 616.55 1
-681.13 165.42 -1
857.72 -192.82 1
714.83 -781.36 -1
-458.77 -473.42 -1
343.16 -319.66 1
995.12 12.57 1
253.74 113.17 1
394.74 145.03 1
-415.37 767.44 1
994.57 -853.32 1
711.65 -615.46 1
-34.91 -681.07 -1
290.55 318.13 1
282.79 624.55 1
758.16 282.18 1
731.55 931.33 1
851.61 -957.39 -1
-919.12 728.19 -1
710.49 361.90 1
502.66 126.59 1
122.87 -491.00 -1
287.07 958.98 1
-521.09 650.67 1
924.07 -211.93 1
-6.29 431.67 1
608.86 638.71 1
762.19 -939.57 -1
-763.60 -735.88 -1
-791.67 -789.17 -1
946.90 -238.72 1
492.40 52.37 1
-716.72 -655.37 -1
435.94 722.09 1
26.92 94.37 1
-469.27 550.57 1
-231.28 -512.12 -1
591.10 354.27 1
-716.78 530.79 -1
-387.11 106.33 -1
-234.94 -703.35 -1
403.89 -700.48 -1
991.15 690.29 1
543.86 -687.66 -1
-528.96 245.38 -1
-759.32 92.17 -1
-350.61 770.80 1
643.47 466.64 1
219.43 -343.95 -1
-826.04 397.30 -1
614.11 -349.69 1
441.92 486.48 1
-265.34 925.59 1
302.94 -949.58 -1
-19.65 -761.70 -1
-375.08 72.51 -1
641.09 1.34 1
-676.55 346.27 -1
-284.14 -922.66 -1
-771.04 -876.76 -1
220.23 108.83 1
-651.04 577.61 -1
43.34 -805.47 -1
-913.26 398.52 -1
-580.85 727.34 1
980.35 824.88 1
-926.69 -796.86 -1
522.43 -566.38 -1
-892.08 817.01 -1
626.14 -5.31 1
-312.58 -345.66 -1
296.71 704.08 1
-412.50 295.18 -1
73.31 109.32 1
-329.55 -361.59 -1
-197.40 38.52 -1
-652.38 -236.83 -1
-692.85 -154.55 -1
-906.18 636.70 -1
-489.53 -716.11 -1
-925.59 482.63 -1
581.94 323.51 1
948.24 622.66 1
663.43 -781.11 -1
908.62 602.15 1
-259.17 -853.69 -1
-974.12 414.15 -1
222.43 718.12 1
952.82 -366.29 1
786.67 688.88 1
-945.49 274.31 -1
-938.11 166.09 -1
-970.46 -820.36 -1
-298.36 636.51 1
-921.08 763.54 -1
-585.06 -878.53 -1
-310.32 -91.13 -1
-481.60 774.64 1
-905.45 -159.25 -1
-431.48 231.34 -1
469.14 783.43 1
639.81 27.47 1
-69.89 215.35 1
-191.11 -605.51 -1
-602.76 535.07 -1
409.27 -252.58 1
-619.67 948.36 1
-383.14 176.28 -1
-245.07 -608.07 -1
-68.67 -746.26 -1
-411.16 -695.90 -1
113.23 472.38 1
81.79 -944.70 -1
141.79 -378.07 -1
-319.05 852.22 1
-246.11 -577.43 -1
-565.53 925.78 1
-872.00 -277.54 -1
-353.54 -181.71 -1
-724.71 575.60 -1
-105.72 579.69 1
699.57 510.29 1
-527.50 -313.62 -1
-110.18 -697.92 -1
324.85 496.31 1
207.65 -436.79 -1
-473.60 50.11 -1
730.82 459.87 1
-619.91 -966.12 -1
-383.39 -128.00 -1
188.30 -285.97 -1
-451.93 306.90 -1
-237.69 -343.34 -1
-176.59 878.47 1
734.11 45.72 1
653.48 666.12 1
-270.59 410.73 1
228.22 -235.24 -1
-531.71 577.00 1
115.61 -661.05 -1
-146.92 -348.72 -1
-445.46 993.04 1
-893.12 855.40 -1
205.58 770.19 1
-973.45 18.92 -1
-80.02 93.57 1
-590.06 545.99 -1
-907.77 960.87 1
-277.42 666.12 1
156.02 -295.37 -1
-935.54 -217.12 -1
-212.48 633.28 1
500.82 -266.25 1
378.62 -138.86 1
817.55 -229.20 1
341.57 644.81 1
-234.02 -921.87 -1
-191.54 533.79 1
-141.67 -363.61 -1
-711.96 -348.29 -1
775.68 -752.98 1
-158.58 417.99 1
-547.95 -469.94 -1
340.05 23.56 1
-102.18 706.40 1
368.55 -26.74 1
-178.11 -22.40 -1
334.31 6.96 1
119.15 -683.21 -1
-653.48 712.08 1
282.12 -518.65 -1
427.58 139.90 1
-197.77 60.67 -1
-381.68 738.81 1
620.89 372.28 1
541.41 -84.42 1
694.07 -982.36 -1
983.03 539.10 1
-267.05 911.13 1
-942.62 696.82 -1
-817.07 -407.50 -1
-483.98 -981.44 -1
-497.22 -360.01 -1
-237.08 879.51 1
807.54 990.60 1
140.33 -207.53 -1
-62.99 -15.50 -1
46.02 -692.79 -1
13.25 944.94 1
445.58 -276.26 1
-452.60 -895.62 -1
340.90 935.42 1
-838.80 692.73 -1
-240.86 -286.82 -1
983.70 996.03 1
823.17 744.67 1
785.75 201.98 1
-533.66 -262.22 -1
-83.68 -157.05 -1
-644.75 -94.49 -1
-898.49 -352.07 -1
580.72 140.02 1
-830.68 -381.43 -1
681.80 192.27 1
762.68 -860.47 -1
564.06 -833.12 -1
103.28 -63.11 1
874.63 647.07 1
869.25 696.39 1
-603.00 759.26 1
-752.49 154.43 -1
-971.80 493.80 -1
225.90 474.70 1
899.65 590.25 1
183.97 -278.40 -1
205.52 302.39 1
-150.52 -755.48 -1
-699.02 354.88 -1
678.87 784.53 1
-367.82 -597.20 -1
726.79 -884.15 -1
-939.88 309.10 -1
-933.83 -963.86 -1
142.95 -450.89 -1
822.32 515.47 1
-63.79 58.54 -1
-119.33 818.65 1
876.46 833.42 1
-663.92 -586.95 -1
-691.57 -402.25 -1
739.91 473.84 1
-779.71 -150.09 -1
211.87 798.51 1
-252.95 599.58 1
477.69 -54.39 1
7.08 109.38 1
894.40 407.62 1
-167.00 -46.69 -1
526.77 631.39 1
-40.96 702.74 1
337.30 699.38 1
228.71 -445.16 -1
-448.57 -516.88 -1
-616.31 -784.96 -1
261.43 -917.96 -1
998.17 345.11 1
-669.41 -640.30 -1
-881.04 890.44 1
-338.09 390.28 1
177.13 599.22 1
-109.44 -372.22 -1
728.93 44.86 1
566.75 -389.24 1
-406.15 465.42 1
-112.43 -986.27 -1
-51.70 -268.75 -1
-956.30 859.85 -1
-60.98 754.68 1
240.80 705.18 1
-621.31 -346.88 -1
-540.80 609.23 1
-913.87 -20.94 -1
-984.74 -297.81 -1
433.38 328.57 1
-14.77 -837.03 -1
-338.03 -358.73 -1
-445.28 419.52 -1
532.50 -495.45 1
-642.50 384.24 -1
-133.31 -226.39 -1
-135.99 537.63 1
-451.26 820.91 1
883.54 -328.82 1
-455.72 726.79 1
-757.86 -895.81 -1
-497.41 724.10 1
-300.37 184.28 -1
-497.10 -790.88 -1
165.54 886.47 1
-492.52 -368.25 -1
-720.08 -677.78 -1
85.03 576.15 1
-580.11 971.62 1
-34.85 -653.54 -1
-806.87 -550.94 -1
988.04 -631.45 1
483.98 -380.82 1
10.86 720.08 1
110.91 870.41 1
334.07 102.42 1
-838.43 -637.49 -1
209.06 -432.95 -1
65.25 -940.24 -1
990.97 307.39 1
465.36 360.19 1
498.32 829.76 1
-43.22 136.12 1
141.98 -183.85 -1
748.28 -2.69 1
-613.26 991.15 1
312.40 589.09 1
106.57 303.67 1
-912.35 737.72 -1
397.61 739.85 1
-707.14 -743.51 -1
410.30 -924.43 -1
-82.46 224.75 1
-236.04 -116.10 -1
-49.08 -449.25 -1
-894.59 -891.90 -1
911.31 -366.29 1
-625.22 514.74 -1
738.88 -64.95 1
-658.85 -663.49 -1
114.51 272.72 1
969.79 421.17 1
-733.63 650.37 -1
-816.15 -805.65 -1
328.15 434.47 1
-415.61 753.83 1
-691.20 691.63 1
687.66 -597.45 1
740.95 497.96 1
246.17 -61.41 1
-935.79 -965.51 -1
214.12 -991.58 -1
-187.57 279.80 1
-81.06 -158.46 -1
661.72 112.25 1
3.42 674.97 1
-594.21 636.09 1
698.96 182.20 1
919.12 -458.46 1
994.02 219.19 1
170.48 -686.44 -1
259.42 -802.17 -1
-649.33 99.80 -1
893.12 402.31 1
175.12 -948.36 -1
-453.34 557.96 1
-574.80 -48.95 -1
-502.90 967.89 1
790.51 -66.35 1
-275.10 527.62 1
-926.45 -876.82 -1
-738.08 931.33 1
-178.11 -11.72 -1
371.60 -617.96 -1
446.62 234.02 1
-876.95 -881.40 -1
-107.37 41.57 -1
923.03 -929.38 -1
922.85 -532.08 1
-433.86 956.05 1
76.24 818.29 1
-630.96 -869.07 -1
-633.58 -197.22 -1
947.20 -491.79 1
779.47 293.05 1
199.35 852.53 1
-364.89 486.05 1
-937.44 768.30 -1
-124.95 -707.32 -1
-402.25 -308.86 -1
-662.33 761.34 1
-29.73 -804.07 -1
85.03 -652.57 -1
-111.88 -66.72 -1
-157.97 -154.49 -1
59.02 -492.46 -1
-387.41 792.16 1
-770.49 -390.59 -1
-467.19 -845.33 -1
-630.71 714.09 1
25.82 -881.83 -1
561.62 -341.39 1
319.48 781.24 1
163.77 410.97 1
-610.08 -424.71 -1
-200.33 -657.57 -1
-606.30 219.68 -1
746.99 -683.03 1
650.37 22.65 1
-719.65 -90.83 -1
237.87 -655.86 -1
536.17 63.30 1
-734.79 30.52 -1
456.69 507.42 1
882.01 -365.81 1
381.43 232.31 1
88.87 231.95 1
-156.63 350.73 1
-587.80 -348.17 -1
136.12 -352.99 -1
-496.31 -75.57 -1
212.29 -868.71 -1
728.50 767.87 1
-523.10 -90.09 -1
803.94 921.26 1
-962.34 -315.69 -1
552.16 -861.81 -1
-25.45 192.15 1
827.63 -347.01 1
191.60 901.67 1
683.88 -68.73 1
413.54 -727.52 -1
-159.98 -480.56 -1
888.91 896.17 1
-488.49 -196.42 -1
-637.06 -173.53 -1
666.18 -509.13 1
-117.13 415.74 1
-231.89 -373.13 -1
996.89 965.45 1
-926.39 959.71 1
910.64 507.42 1
-460.84 -535.43 -1
163.83 -974.67 -1
-594.40 841.85 1
-612.16 431.24 -1
521.03 -201.67 1
708.36 606.60 1
-536.59 928.65 1
354.88 -175.43 1
-471.89 -995.67 -1
-959.84 -138.01 -1
639.44 -511.87 1
-328.63 -884.09 -1
-748.52 -919.43 -1
955.44 36.68 1
-700.18 -883.11 -1
462.06 189.34 1
266.01 -377.46 -1
-293.96 -743.15 -1
-582.25 841.48 1
811.70 -702.19 1
288.41 50.30 1
-679.00 569.07 -1
455.72 469.51 1
710.68 228.35 1
685.10 84.91 1
-823.96 228.59 -1
498.26 -808.03 -1
250.14 -284.99 -1
229.87 475.19 1
-185.86 239.52 1
635.41 434.66 1
-932.55 -896.42 -1
111.95 -26.12 1
15.75 -856.99 -1
595.13 959.17 1
-958.55 265.70 -1
193.62 564.61 1
-880.73 -943.23 -1
-374.23 214.92 -1
237.81 -237.75 1
518.04 938.23 1
591.41 963.99 1
629.80 -59.09 1
103.95 -741.74 -1
66.96 219.25 1
847.04 252.15 1
-454.43 16.72 -1
-85.03 186.47 1
768.97 -57.13 1
-680.03 502.66 -1
-19.11 564.49 1
468.66 661.42 1
756.76 281.21 1
-216.69 -470.67 -1
-904.60 300.25 -1
-969.36 643.66 -1
875.18 519.75 1
919.49 -331.93 1
733.87 -864.37 -1
-469.82 -646.34 -1
439.11 -216.02 1
140.39 315.20 1
-191.85 -970.40 -1
4.94 936.34 1
241.35 16.48 1
658.30 717.02 1
-68.85 -910.52 -1
-703.47 374.11 -1
810.17 -797.47 1
-194.23 -991.33 -1
298.66 923.09 1
996.09 -347.86 1
-83.01 847.65 1
606.06 -496.43 1
-177.50 239.76 1
638.89 171.64 1
-665.02 -296.83 -1
593.18 231.95 1
513.64 702.50 1
150.46 -585.91 -1
846.12 -256.12 1
-117.26 730.03 1
114.45 29.05 1
-458.52 -144.48 -1
-501.19 393.64 -1
491.85 79.35 1
-18.01 343.77 1
-146.92 130.20 -1
116.89 -997.62 -1
909.48 -804.37 1
220.59 779.04 1
-647.87 445.10 -1
-944.03 -427.03 -1
-83.20 -631.94 -1
64.64 326.68 1
976.99 243.55 1
-787.58 -263.08 -1
-342.18 -952.02 -1
-488.43 940.12 1
-968.14 119.76 -1
280.53 -18.19 1
-40.90 888.24 1
204.60 885.06 1
-866.57 -17.52 -1
260.33 -872.73 -1
-99.55 -968.20 -1
-434.78 341.76 -1
-594.95 -530.73 -1
215.83 52.07 1
635.35 652.02 1
176.71 -743.76 -1
922.48 610.57 1
282.49 -330.04 -1
-539.34 -260.15 -1
416.22 -557.77 -1
-590.92 743.51 1
925.11 -843.01 1
-862.24 -855.34 -1
337.97 932.12 1
181.65 -323.69 -1
-554.54 427.76 -1
462.49 862.30 1
806.20 578.89 1
344.87 -897.76 -1
-259.23 861.62 1
84.97 574.19 1
-122.51 907.83 1
237.38 263.69 1
-689.56 279.80 -1
-419.22 436.98 1
434.11 -782.34 -1
126.53 -134.10 -1
-485.01 171.82 -1
-229.32 120.92 -1
-933.77 932.80 -1
154.12 241.53 1
-916.99 -828.24 -1
291.22 99.43 1
205.64 -796.25 -1
-468.60 -235.49 -1
869.62 785.33 1
414.82 -812.06 -1
-492.58 760.24 1
984.80 -485.99 1
-136.61 -634.32 -1
-879.81 333.03 -1
483.73 11.11 1
450.41 188.61 1
445.46 341.02 1
412.87 651.28 1
386.07 -602.76 -1
20.26 -729.66 -1
896.23 690.11 1
-104.99 -281.51 -1
-661.78 -7.57 -1
137.22 438.81 1
-846.55 -330.65 -1
586.28 109.08 1
719.34 355.00 1
-960.02 -765.00 -1
-179.39 -210.40 -1
-6.41 184.52 1
796.19 -370.51 1
-540.80 975.89 1
423.85 42.12 1
432.03 -867.36 -1
-393.64 898.43 1
561.80 917.66 1
920.47 -624.43 1
594.70 257.10 1
-908.75 783.13 -1
-853.14 670.63 -1
456.33 422.51 1
373.13 515.78 1
478.54 -703.84 -1
91.31 862.85 1
-626.08 -524.32 -1
927.91 310.20 1
914.85 -57.32 1
44.19 54.20 1
470.24 715.13 1
8.30 -475.31 -1
-651.16 71.35 -1
372.89 -99.49 1
-496.00 684.06 1
523.47 -184.70 1
-335.53 -523.35 -1
-642.01 567.84 -1
954.40 -984.19 -1
361.96 -851.37 -1
-937.25 -749.68 -1
-361.05 395.90 1
-972.17 -589.15 -1
-537.45 591.53 1
-304.46 882.62 1
908.93 -187.21 1
-82.95 862.36 1
134.41 -650.74 -1
-452.42 -386.13 -1
-139.66 -501.07 -1
-692.49 -866.75 -1
627.17 55.67 1
570.04 36.62 1
-619.67 800.83 1
-863.76 483.24 -1
-48.40 311.12 1
62.56 -53.59 1
996.09 395.23 1
-400.72 -355.61 -1
-50.17 472.26 1
-693.10 443.94 -1
569.49 -796.62 -1
409.51 48.77 1
615.52 -309.04 1
-550.88 286.33 -1
-756.64 -444.91 -1
-695.84 304.03 -1
664.16 203.32 1
632.55 488.74 1
-363.67 602.58 1
-196.55 920.71 1
-646.46 -131.36 -1
380.64 -824.21 -1
-712.02 -15.56 -1
217.60 -711.90 -1
-445.83 958.80 1
-770.13 683.88 -1
-645.49 -259.84 -1
-95.10 901.91 1
69.28 -803.45 -1
-387.47 911.37 1
553.81 473.91 1
779.65 839.35 1
-794.91 -954.16 -1
-10.68 921.38 1
360.80 -231.58 1
69.65 -513.15 -1
-408.29 -750.35 -1
232.31 792.83 1
-547.15 849.54 1
324.67 516.45 1
252.70 619.91 1
257.95 -278.09 -1
-594.88 -500.34 -1
673.44 -888.48 -1
-74.10 75.69 1
-90.58 374.23 1
-364.28 -777.57 -1
-668.19 444.73 -1
-366.54 933.47 1
90.03 -514.62 -1
-399.01 656.41 1
-638.96 403.16 -1
502.53 -555.15 -1
-854.61 713.61 -1
241.10 -761.03 -1
-325.15 566.01 1
834.95 -413.05 1
496.92 -259.66 1
675.03 -878.90 -1
-702.62 -569.74 -1
428.07 100.29 1
-476.16 -377.28 -1
146.01 -669.41 -1
871.76 -111.76 1
145.03 -221.45 -1
-303.12 394.37 1
-783.07 186.78 -1
-583.47 953.18 1
734.85 -992.61 -1
-39.68 917.41 1
215.71 -36.01 1
335.10 -263.87 1
902.89 -446.13 1
-634.68 983.82 1
930.17 -193.80 1
672.16 -326.99 1
630.96 604.77 1
952.51 -332.91 1
-446.26 890.80 1
-377.83 -999.51 -1
-252.03 -943.72 -1
884.64 -76.05 1
880.97 -157.48 1
287.31 -517.06 -1
-249.89 53.10 -1
829.88 -554.48 1
-247.88 397.91 1
684.80 -611.24 1
871.09 -223.04 1
-405.85 -240.80 -1
-250.81 -681.01 -1
4.88 717.27 1
402.19 486.17 1
4.27 -419.95 -1
-859.18 557.59 -1
119.03 674.72 1
263.20 -195.57 1
-959.65 412.68 -1
77.89 -330.95 -1
337.18 -598.61 -1
-177.68 260.15 1
-780.75 402.19 -1
-961.67 476.90 -1
-584.26 -51.76 -1
-33.45 -924.98 -1
-773.18 436.37 -1
523.29 -13.73 1
815.85 502.78 1
421.96 203.93 1
-199.17 497.04 1
1.40 -451.69 -1
-789.72 866.20 1
323.99 622.90 1
864.01 261.31 1
105.05 274.31 1
242.32 -820.42 -1
37.91 869.19 1
-93.45 -46.27 -1
74.96 699.44 1
-467.50 901.30 1
229.02 -170.48 1
-380.70 -552.71 -1
456.08 697.13 1
937.44 32.11 1
182.99 -219.98 -1
776.35 -384.54 1
-957.76 -357.14 -1
56.71 593.05 1
-623.94 -325.70 -1
367.58 -66.72 1
72.39 828.66 1
991.58 351.34 1
295.73 683.45 1
981.99 329.30 1
674.91 126.53 1
351.89 797.23 1
510.41 -15.75 1
-559.91 -713.24 -1
563.57 903.19 1
514.68 -629.86 -1
-9.58 798.94 1
677.29 195.93 1
982.66 -816.58 1
131.42 -64.09 1
-322.16 683.88 1
875.85 -45.47 1
902.28 -935.05 -1
-113.84 -487.33 -1
-692.85 68.67 -1
-151.80 -179.76 -1
463.59 381.80 1
-496.73 -752.24 -1
475.25 -954.59 -1
670.15 511.87 1
-325.58 618.63 1
5.13 -355.55 -1
961.97 407.62 1
562.78 -439.05 1
354.21 -925.17 -1
-780.08 37.91 -1
300.13 939.08 1
-974.18 913.39 -1
-670.63 -721.30 -1
540.01 322.41 1
596.29 953.24 1
-779.22 780.69 1
879.14 -348.84 1
928.65 927.55 1
600.68 82.10 1
602.88 -257.89 1
429.84 420.19 1
178.78 -955.20 -1
-972.41 -684.49 -1
804.43 -904.17 -1
-498.81 784.47 1
-579.44 -895.56 -1
-874.02 -710.07 -1
767.69 -539.46 1
-98.64 327.84 1
879.20 -498.44 1
499.42 827.63 1
-872.55 -372.95 -1
-828.18 683.39 -1
882.26 -426.97 1
176.16 -274.49 -1
-155.83 -340.23 -1
-716.78 -553.13 -1
118.17 823.90 1
930.42 -205.27 1
-913.87 248.49 -1
580.48 341.88 1
-856.13 403.83 -1
851.68 149.30 1
-636.82 309.71 -1
977.97 -367.33 1
-857.54 834.16 -1
165.48 745.22 1
908.69 838.43 1
404.93 789.23 1
-68.97 -16.24 -1
-696.21 169.50 -1
312.64 -990.66 -1
501.01 -599.46 -1
-781.72 -703.72 -1
225.17 -320.39 -1
404.87 529.02 1
-438.87 339.50 -1
-886.96 266.37 -1
985.05 -507.97 1
-612.77 236.59 -1
731.43 -823.90 -1
-118.66 -834.10 -1
-444.12 -678.45 -1
-783.07 956.30 1
-546.36 -157.72 -1
954.47 21.49 1
898.19 -829.58 1
-760.97 598.12 -1
161.51 545.26 1
-813.28 -160.23 -1
-720.26 367.21 -1
-930.72 -489.90 -1
225.05 -67.88 1
363.73 85.27 1
-152.96 855.95 1
727.10 79.53 1
-853.32 -496.31 -1
-40.59 406.03 1
-555.33 735.21 1
18.01 584.57 1
-993.84 278.70 -1
-855.70 610.51 -1
686.26 47.24 1
-832.94 -704.51 -1
155.95 -292.38 -1
43.52 894.22 1
-725.75 817.01 1
701.34 827.20 1
166.39 837.03 1
244.03 316.06 1
571.08 -659.16 -1
582.31 739.55 1
21.24 -276.75 -1
552.95 -474.70 1
-581.88 726.61 1
589.45 389.79 1
-437.04 -903.07 -1
5.13 -262.47 -1
-792.47 -318.93 -1
-47.43 33.88 -1
188.00 276.93 1
121.04 -38.15 1
201.55 -449.25 -1
234.76 177.93 1
791.86 -666.12 1
414.58 476.90 1
-897.27 -390.34 -1
-534.94 -820.18 -1
964.84 -494.90 1
-849.30 557.65 -1
-124.64 599.04 1
-478.42 -899.04 -1
-563.08 -141.92 -1
-646.34 452.18 -1
-185.68 516.02 1
764.02 -192.33 1
-226.33 204.66 -1
64.40 -392.17 -1
866.57 653.24 1
-83.62 -677.47 -1
-679.36 265.15 -1
848.56 -851.92 -1
200.63 -112.74 1
-799.73 426.48 -1
-600.26 -917.72 -1
-445.95 599.16 1
27.59 -781.91 -1
717.45 -490.26 1
753.71 685.71 1
-680.58 866.02 1
671.00 558.26 1
82.28 -325.89 -1
241.65 5.13 1
831.17 -540.50 1
887.08 -228.83 1
-694.87 83.87 -1
784.78 -964.54 -1
-168.47 -26.98 -1
-564.73 -38.70 -1
925.11 -432.40 1
561.07 -749.80 -1
-123.30 -191.54 -1
-101.14 -987.73 -1
-607.89 470.00 -1
-548.98 265.64 -1
344.32 153.33 1
754.56 -623.39 1
-299.09 752.85 1
733.02 754.99 1
-308.80 206.92 -1
693.22 114.26 1
-727.28 347.13 -1
28.08 -387.78 -1
-38.27 -342.92 -1
-809.92 -818.10 -1
-911.01 -245.68 -1
-504.12 -633.28 -1
544.96 -593.05 -1
325.58 -27.77 1
73.67 898.25 1
-720.44 -153.39 -1
-817.49 551.12 -1
-145.46 102.61 -1
725.87 225.90 1
201.37 93.27 1
227.25 -397.67 -1
-472.38 454.31 -1
3.24 60.00 1
-292.44 525.24 1
149.85 -31.62 1
660.99 461.70 1
-545.50 199.96 -1
-935.79 -647.74 -1
297.44 -321.86 -1
956.72 -348.96 1
602.27 -226.64 1
-197.64 -760.42 -1
901.24 -641.46 1
573.22 -570.10 1
-424.46 -662.09 -1
-587.19 221.75 -1
334.19 460.90 1
-554.36 -874.20 -1
993.22 -767.14 1
292.44 866.69 1
-381.13 -262.53 -1
-143.99 275.71 1
-903.86 180.31 -1
-61.47 -310.26 -1
185.62 -31.68 1
253.56 -835.50 -1
130.75 137.09 1
394.80 818.23 1
879.63 937.62 1
324.91 -385.03 -1
-19.04 -603.86 -1
946.16 -95.46 1
219.50 659.95 1
-685.16 25.88 -1
-948.42 -61.59 -1
64.40 291.34 1
-95.40 857.54 1
-403.89 661.60 1
401.27 -966.25 -1
603.55 -575.47 1
-426.91 686.20 1
-509.92 -809.07 -1
-875.54 -906.79 -1
244.83 -481.78 -1
809.68 712.38 1
-663.25 476.65 -1
985.59 -229.81 1
-807.85 468.35 -1
403.28 -860.71 -1
815.48 613.81 1
300.19 311.91 1
-882.38 -983.58 -1
855.15 283.83 1
-485.38 -780.75 -1
-930.72 161.33 -1
-643.41 164.62 -1
136.30 -697.19 -1
752.85 -29.05 1
-638.65 -191.54 -1
352.99 838.55 1
695.78 -830.19 -1
648.42 -603.80 1
945.31 -107.92 1
354.76 -197.77 1
-282.00 -98.39 -1
440.03 -88.38 1
172.98 551.12 1
-641.03 -177.99 -1
631.02 34.73 1
57.32 -888.42 -1
112.74 -973.81 -1
307.70 80.33 1
-136.12 352.07 1
940.67 -692.30 1
-68.30 -488.31 -1
-467.74 839.96 1
854.85 -140.76 1
111.70 -682.48 -1
-471.53 -743.51 -1
449.86 358.05 1
-691.27 11.72 -1
-506.20 503.88 -1
-583.53 916.32 1
507.72 50.17 1
-294.51 -809.38 -1
482.45 -936.46 -1
-143.87 -845.57 -1
-621.01 -95.40 -1
-942.93 -570.10 -1
-235.12 567.11 1
-761.83 -505.59 -1
408.23 146.01 1
-83.87 -607.52 -1
391.32 747.05 1
-283.65 -579.44 -1
-693.89 -850.33 -1
633.03 -402.92 1
94.61 537.45 1
89.85 -269.97 -1
95.34 -394.31 -1
864.25 -105.23 1
860.89 -637.25 1
-63.24 134.35 1
305.56 932.98 1
329.92 -804.80 -1
-250.44 677.29 1
996.40 -889.34 1
-581.27 -57.13 -1
821.77 -556.19 1
964.35 -246.54 1
-197.83 3.97 -1
564.79 -245.99 1
-539.22 -152.29 -1
-827.69 -278.22 -1
-435.33 -622.17 -1
-533.72 956.05 1
-794.79 -647.50 -1
75.75 -140.69 -1
-695.72 -383.32 -1
634.68 -976.99 -1
608.37 -630.84 -1
231.15 128.85 1
233.96 -223.04 1
814.44 -21.06 1
825.98 750.11 1
120.19 -31.80 1
-608.07 688.76 1
-320.76 310.20 -1
-125.37 -984.19 -1
469.94 -671.06 -1
525.12 307.39 1
-222.67 -869.38 -1
139.35 -167.92 -1
-176.89 -34.24 -1
220.96 -684.98 -1
-273.88 595.62 1
-868.77 735.46 -1
-641.58 975.28 1
-708.84 972.35 1
658.12 565.34 1
-504.36 -889.52 -1
961.06 585.18 1
-595.86 -780.50 -1
-84.17 -480.31 -1
269.55 416.71 1
542.39 193.43 1
967.59 -971.25 -1
-2.38 -277.91 -1
-610.45 663.98 1
611.12 657.27 1
261.43 -994.93 -1
752.43 633.28 1
-550.02 -859.92 -1
92.96 832.02 1
-178.90 238.11 1
825.37 575.54 1
710.37 -612.95 1
-598.67 360.56 -1
69.71 -596.47 -1
353.05 646.95 1
-647.01 427.52 -1
757.49 712.14 1
201.18 115.06 1
908.93 885.12 1
991.64 241.23 1
-239.46 471.34 1
313.01 525.48 1
698.35 681.62 1
-571.75 -508.03 -1
208.63 877.49 1
788.99 -821.58 -1
-995.91 -554.42 -1
661.78 -496.06 1
168.28 -386.68 -1
932.19 -889.70 1
-118.05 -481.72 -1
145.09 488.25 1
-704.82 844.53 1
847.65 201.18 1
-894.71 -663.13 -1
-706.46 19.41 -1
-595.25 -491.91 -1
575.23 -223.28 1
361.23 848.44 1
-757.74 -237.75 -1
291.83 -147.71 1
472.50 -540.13 -1
695.05 -825.98 -1
-145.64 448.09 1
801.32 224.87 1
847.34 272.05 1
-793.75 523.23 -1
-21.67 -898.61 -1
-851.55 112.56 -1
840.93 -14.89 1
993.90 357.32 1
956.17 516.69 1
489.59 -569.80 -1
560.46 722.58 1
350.97 -195.81 1
-619.06 984.62 1
-258.56 59.76 -1
462.13 811.39 1
-789.17 321.98 -1
-894.95 268.63 -1
-347.62 -361.17 -1
-16.30 883.42 1
842.15 613.20 1
497.71 -168.10 1
122.44 -399.19 -1
-572.48 226.94 -1
793.57 -211.38 1
952.45 -686.50 1
773.30 -537.20 1
-906.73 -611.43 -1
-910.15 781.91 -1
645.49 -744.92 -1
769.09 -634.56 1
-339.38 -975.77 -1
-322.71 12.88 -1
-456.69 77.52 -1
-113.72 861.87 1
-177.68 -998.78 -1
-882.07 -697.67 -1
-339.32 -692.79 -1
834.65 -43.83 1
-833.24 -250.44 -1
536.17 35.59 1
568.09 -947.02 -1
826.65 393.40 1
311.05 -136.67 1
813.04 -423.24 1
149.55 -267.35 -1
398.40 -802.23 -1
283.46 -47.18 1
-967.83 -67.20 -1
611.00 49.08 1
-520.05 462.55 -1
-843.44 745.65 -1
175.06 667.46 1
-262.59 -782.82 -1
715.38 -611.91 1
-69.89 -561.86 -1
65.98 65.56 1
-598.85 -559.24 -1
32.90 572.12 1
-336.69 297.69 -1
-432.46 546.91 1
-680.52 638.34 -1
466.09 547.46 1
-141.67 -486.60 -1
26.12 330.22 1
62.38 -579.99 -1
-777.15 572.36 -1
92.47 298.36 1
-33.02 -652.44 -1
-689.68 314.47 -1
7.14 -331.32 -1
901.67 240.49 1
-960.32 -591.77 -1
-637.49 -755.23 -1
588.05 -88.57 1
-87.59 905.02 1
-786.67 612.59 -1
-105.90 -744.31 -1
-379.17 -32.47 -1
-774.46 -314.96 -1
-778.00 16.24 -1
-35.59 489.78 1
717.27 885.12 1
48.46 -95.89 -1
259.90 544.53 1
-725.57 413.78 -1
-234.76 132.33 -1
577.92 -833.24 -1
926.69 155.95 1
675.21 295.73 1
-499.85 -113.35 -1
-867.06 -38.94 -1
-577.12 -743.33 -1
-75.32 -68.73 -1
-675.76 -426.17 -1
538.12 509.31 1
995.48 364.40 1
696.58 620.09 1
377.46 657.14 1
-244.58 -129.89 -1
632.30 22.28 1
837.45 392.60 1
-142.59 -324.12 -1
767.99 -710.13 1
-991.64 963.56 -1
-125.25 -513.52 -1
590.25 -464.81 1
712.26 -195.63 1
-319.05 524.81 1
-225.11 73.43 -1
-149.79 -955.38 -1
-738.88 90.09 -1
-465.79 -689.37 -1
950.68 235.30 1
-569.43 707.38 1
-743.15 566.01 -1
475.37 107.67 1
-480.99 190.93 -1
963.86 759.08 1
593.54 -255.02 1
379.42 -951.90 -1
-190.56 772.87 1
491.49 -542.70 -1
-650.13 835.81 1
-715.13 -975.40 -1
121.10 153.57 1
285.11 -379.42 -1
172.68 593.97 1
839.04 -646.40 1
-268.94 822.25 1
-83.68 -583.04 -1
-91.19 423.79 1
992.74 -310.32 1
-848.07 811.27 -1
577.00 -596.41 -1
488.56 -270.16 1
-53.71 189.71 1
-360.19 -827.32 -1
649.70 -184.46 1
-941.89 -481.41 -1
-655.37 -73.25 -1
-47.98 -294.76 -1
527.93 104.93 1
-637.12 249.83 -1
722.76 -445.71 1
354.76 930.23 1
686.63 730.03 1
379.60 -61.89 1
-799.67 220.11 -1
-118.78 318.38 1
-997.86 -805.96 -1
199.66 504.73 1
428.25 730.45 1
839.22 766.77 1
-676.92 334.98 -1
-838.31 378.87 -1
782.58 964.05 1
569.00 -675.33 -1
-710.07 863.40 1
234.69 -650.74 -1
810.90 -463.77 1
451.14 170.97 1
-594.03 152.66 -1
650.31 -333.76 1
-72.88 -287.00 -1
164.26 -160.17 1
-642.92 -722.52 -1
786.00 -607.70 1
357.08 -424.95 -1
-807.06 697.98 -1
-417.32 303.18 -1
297.87 4.76 1
333.46 431.85 1
-414.39 670.70 1
95.34 -175.85 -1
-496.67 246.41 -1
541.48 -514.56 1
-38.03 -781.11 -1
551.55 753.95 1
14.22 227.68 1
-186.05 745.22 1
771.23 -434.47 1
-428.07 363.36 -1
619.06 -222.00 1
76.97 190.99 1
799.55 -828.18 -1
-688.40 570.29 -1
416.16 -952.82 -1
544.65 -812.00 -1
928.40 464.32 1
-719.77 478.00 -1
-803.27 -642.50 -1
-835.20 150.52 -1
-858.27 -189.10 -1
-587.26 -835.07 -1
-922.60 304.65 -1
-685.53 455.66 -1
784.47 748.03 1
389.37 723.55 1
-617.16 -890.62 -1
-255.33 607.95 1
69.34 -543.37 -1
-794.30 -451.20 -1
778.98 219.80 1
-223.95 653.24 1
835.99 489.29 1
-6.16 -121.89 -1
655.31 -838.25 -1
-255.75 842.46 1
557.47 746.20 1
91.86 -420.19 -1
-241.59 641.70 1
694.99 546.18 1
-400.96 -297.93 -1
-635.60 192.52 -1
74.16 896.91 1
-670.51 -581.82 -1
-274.37 -117.19 -1
773.36 -786.06 -1
-39.19 298.11 1
200.15 810.11 1
-140.51 -408.23 -1
197.46 640.24 1
531.71 200.63 1
-845.08 -565.34 -1
-911.80 -113.53 -1
-496.86 -245.25 -1
-712.02 45.90 -1
33.82 -719.28 -1
922.66 -194.78 1
864.98 167.31 1
-998.11 713.12 -1
613.20 -223.46 1
804.07 -156.56 1
335.23 -896.72 -1
-150.95 120.73 -1
-198.44 204.18 1
863.03 -319.48 1
664.96 942.62 1
791.37 -921.99 -1
85.09 363.49 1
-73.73 156.32 1
-626.14 -991.52 -1
209.85 -613.01 -1
-777.82 -513.76 -1
775.07 -502.66 1
71.05 -392.60 -1
-212.17 193.37 -1
-810.17 -599.77 -1
652.75 -205.95 1
-975.40 316.97 -1
-356.65 588.41 1
377.89 -56.71 1
-977.48 -273.27 -1
982.85 525.91 1
712.02 460.66 1
-965.02 627.17 -1
575.78 -457.73 1
243.55 222.67 1
379.72 -402.86 -1
-36.14 551.73 1
-511.08 281.02 -1
975.46 -965.33 1
-634.13 -964.66 -1
466.34 569.25 1
932.31 -747.24 1
787.52 -482.57 1
-144.05 664.65 1
-461.15 -302.02 -1
-172.98 -235.98 -1
-450.10 693.40 1
884.09 -922.79 -1
317.83 -213.15 1
853.69 -906.12 -1
-535.86 -159.13 -1
966.18 -329.12 1
-225.23 428.86 1
-290.73 721.11 1
383.26 533.79 1
-17.27 999.57 1
-338.22 125.56 -1
-384.18 800.28 1
382.04 930.05 1
311.48 -624.86 -1
706.89 -298.91 1
-922.42 888.73 -1
-422.21 310.75 -1
-789.72 -280.47 -1
58.96 -33.94 1
889.40 922.97 1
-799.73 -130.44 -1
450.10 665.45 1
-16.42 -368.25 -1
393.64 444.97 1
-87.90 -248.49 -1
-802.72 -91.56 -1
-191.91 -525.85 -1
989.20 79.35 1
-621.01 342.06 -1
147.23 -191.54 -1
-883.29 748.09 -1
888.24 -740.71 1
-909.72 -193.86 -1
906.24 -758.65 1
196.42 -149.12 1
-875.30 203.56 -1
429.04 -122.44 1
625.04 -299.76 1
-268.57 -762.86 -1
812.00 142.65 1
-7.69 -102.61 -1
-118.66 -352.62 -1
-250.69 582.37 1
-349.81 -204.24 -1
161.88 -896.29 -1
-187.21 -884.64 -1
-184.09 196.73 1
-315.08 97.17 -1
923.95 -829.58 1
499.42 559.36 1
480.68 689.80 1
314.23 -827.32 -1
939.94 996.28 1
596.90 -42.36 1
-28.08 884.27 1
546.85 -433.44 1
-133.49 -256.55 -1
218.89 164.13 1
142.34 -20.26 1
509.86 -282.49 1
-73.80 127.82 1
-929.56 509.43 -1
-335.77 -32.47 -1
206.68 -314.11 -1
727.46 -43.15 1
-169.63 652.51 1
474.76 293.84 1
-475.37 -870.29 -1
-665.20 -80.63 -1
784.11 682.23 1
-528.90 774.58 1
-506.87 -468.41 -1
-410.24 -375.94 -1
-293.54 -531.10 -1
-543.73 758.84 1
791.06 675.27 1
680.52 -110.79 1
994.99 -733.81 1
-666.00 543.43 -1
-495.45 -628.33 -1
962.46 -718.98 1
51.88 562.23 1
-446.01 -963.50 -1
135.57 436.43 1
-971.43 903.44 -1
917.66 -819.08 1
807.73 -327.72 1
-141.43 -84.66 -1
29.91 -563.69 -1
-846.79 -365.44 -1
-26.98 574.25 1
29.48 561.92 1
-754.62 425.56 -1
-26.55 724.41 1
-689.86 969.79 1
942.56 -436.73 1
902.77 -178.78 1
-370.75 -607.52 -1
906.73 -146.01 1
-161.39 517.00 1
248.12 -232.92 1
40.96 823.66 1
372.76 904.23 1
163.16 -342.43 -1
867.12 639.63 1
680.77 796.31 1
-213.33 -356.71 -1
73.37 333.15 1
-745.65 -663.07 -1
-294.39 284.69 -1
-109.99 854.48 1
196.73 -268.20 -1
634.87 -181.90 1
340.41 310.02 1
-467.01 244.70 -1
638.47 -141.61 1
32.96 -108.16 -1
510.10 -957.76 -1
369.90 359.34 1
-760.79 760.91 1
593.85 255.94 1
-276.99 -848.26 -1
804.07 745.90 1
-916.74 7.02 -1
-846.91 -213.94 -1
-796.25 -589.64 -1
-816.58 367.94 -1
-744.06 411.04 -1
-942.44 -925.11 -1
-724.47 543.67 -1
246.17 269.67 1
851.86 9.83 1
235.18 221.51 1
-6.65 -668.38 -1
815.30 489.41 1
231.95 290.06 1
515.47 869.80 1
-973.33 961.42 -1
744.31 -775.93 -1
-467.62 664.10 1
199.96 497.89 1
792.59 -372.40 1
-887.20 243.12 -1
421.60 -803.03 -1
-117.50 957.58 1
837.64 -615.15 1
-328.51 552.46 1
-891.96 -416.77 -1
-480.74 -737.59 -1
-528.17 -751.27 -1
-462.67 308.61 -1
598.85 372.64 1
749.62 628.09 1
650.98 547.82 1
-860.83 982.97 1
206.37 447.42 1
465.73 -239.94 1
109.08 524.63 1
-587.01 -224.56 -1
307.21 748.70 1
-366.60 393.94 1
741.87 187.76 1
247.15 279.07 1
349.26 252.88 1
-637.61 -916.62 -1
-761.09 413.36 -1
177.44 -606.54 -1
109.81 198.50 1
226.45 -759.75 -1
-32.78 296.34 1
-666.97 489.53 -1
203.32 562.53 1
833.67 -577.31 1
103.22 -247.76 -1
-368.61 822.80 1
-160.78 786.97 1
-353.17 -125.07 -1
16.11 368.86 1
223.40 -801.99 -1
-170.36 755.54 1
54.08 -684.12 -1
900.69 507.42 1
189.10 -116.71 1
847.52 20.14 1
688.70 -21.55 1
-340.41 654.70 1
482.63 773.73 1
933.96 -722.52 1
999.57 898.49 1
-963.01 -976.13 -1
-872.25 -194.53 -1
256.36 95.65 1
71.66 -546.18 -1
-999.27 -593.05 -1
-336.57 -379.54 -1
-883.84 890.56 1
696.33 -846.43 -1
-624.67 -724.41 -1
838.37 479.77 1
-793.20 -847.59 -1
691.45 -323.02 1
-275.22 133.06 -1
-443.02 -572.30 -1
121.28 -77.03 1
-528.35 -837.76 -1
485.44 115.49 1
-925.47 -293.41 -1
-890.19 521.03 -1
-130.75 746.38 1
-651.35 843.92 1
442.65 419.95 1
88.32 -480.31 -1
-796.37 -647.01 -1
894.16 525.24 1
-796.19 446.93 -1
-104.56 -27.04 -1
-397.67 732.95 1
-528.29 -695.72 -1
-662.03 606.54 -1
-198.93 892.02 1
-429.04 752.00 1
-664.65 865.47 1
456.69 71.48 1
263.50 971.68 1
813.71 930.60 1
25.09 283.40 1
249.04 -967.77 -1
937.86 567.42 1
303.24 232.92 1
-999.82 125.68 -1
176.83 -388.63 -1
-66.72 -78.43 -1
-398.28 -894.40 -1
-477.93 803.76 1
419.89 -972.90 -1
321.43 -360.01 -1
-569.37 -232.62 -1
-213.27 -825.55 -1
71.35 -992.13 -1
-106.39 -581.27 -1
-508.88 747.36 1
-692.12 -608.01 -1
583.10 -543.86 1
169.14 -979.67 -1
-465.54 -325.46 -1
549.84 9.22 1
460.72 362.51 1
652.87 -499.36 1
-317.83 317.22 -1
-190.08 -671.12 -1
-790.70 -30.40 -1
342.98 685.28 1
-3.42 -128.73 -1
-648.42 -993.96 -1
528.54 -813.53 -1
488.92 896.17 1
-699.20 499.85 -1
787.46 -101.14 1
757.80 252.70 1
599.28 928.04 1
-750.47 -878.11 -1
-288.77 170.42 -1
571.75 -348.23 1
-300.80 275.29 -1
-351.16 -547.95 -1
-418.24 -359.76 -1
-74.35 -724.04 -1
838.92 -391.81 1
-973.14 288.71 -1
854.91 386.19 1
250.56 -159.92 1
850.70 -500.21 1
454.01 53.78 1
-633.58 -404.63 -1
-101.39 545.26 1
-642.68 -598.00 -1
612.95 -418.67 1
-34.49 666.48 1
838.49 993.47 1
-970.21 872.79 -1
119.51 -842.89 -1
-603.25 560.52 -1
600.56 -648.78 -1
-905.27 -948.12 -1
-907.47 -192.70 -1
433.56 -597.02 -1
-527.74 764.08 1
92.66 388.57 1
-25.39 837.39 1
-739.67 335.59 -1
943.66 19.96 1
-114.45 616.86 1
-398.28 -378.38 -1
106.09 -383.14 -1
-598.00 464.14 -1
914.85 983.15 1
524.26 -357.99 1
-873.47 974.79 1
-921.81 -837.51 -1
708.84 722.09 1
-423.12 777.15 1
-462.61 207.65 -1
241.10 316.24 1
-358.85 -216.44 -1
-300.92 -158.64 -1
-3.05 35.95 1
643.23 925.41 1
-61.83 -190.81 -1
-994.63 -625.89 -1
238.91 -796.13 -1
216.08 703.05 1
-63.48 -641.34 -1
-894.34 678.57 -1
-44.86 -169.08 -1
-984.56 239.76 -1
-408.35 -613.50 -1
675.58 -889.28 -1
928.77 -986.82 -1
416.83 -582.86 -1
-765.06 968.63 1
276.45 -381.00 -1
416.65 675.52 1
-439.66 72.39 -1
-417.99 -721.54 -1
426.17 532.75 1
-217.66 -327.90 -1
-953.43 911.80 -1
990.23 -185.44 1
919.25 -398.77 1
379.05 139.23 1
-118.48 675.15 1
-33.57 876.09 1
-603.13 283.34 -1
682.17 95.83 1
-328.15 -450.28 -1
925.35 289.69 1
-832.08 286.09 -1
672.16 295.73 1
70.68 834.77 1
-803.45 386.50 -1
278.40 353.72 1
-532.56 -671.37 -1
-527.68 854.54 1
-716.90 -771.90 -1
-167.73 -692.97 -1
207.47 972.47 1
958.13 -876.64 1
368.80 83.56 1
-438.20 -667.58 -1
184.89 -206.25 -1
-508.94 759.45 1
-924.07 -844.41 -1
647.68 -479.40 1
228.83 -999.45 -1
362.14 -851.74 -1
-526.28 -442.53 -1
-210.77 -344.08 -1
-662.33 543.25 -1
884.45 857.96 1
335.53 -460.72 -1
525.18 255.57 1
561.92 -534.33 1
-660.62 801.93 1
-353.17 964.78 1
-196.55 858.27 1
136.61 507.97 1
-828.18 -346.09 -1
363.24 37.60 1
-198.13 563.51 1
-135.45 956.78 1
435.09 -488.31 -1
-582.13 278.34 -1
998.23 820.85 1
749.07 -252.21 1
486.36 -188.79 1
-20.20 -249.53 -1
490.57 468.66 1
-123.48 816.94 1
-67.75 -509.61 -1
961.36 537.63 1
-432.28 -976.93 -1
549.59 701.70 1
-175.98 -596.23 -1
-224.26 469.33 1
529.70 217.85 1
-330.40 393.09 1
102.61 986.02 1
345.91 -901.73 -1
757.37 -207.84 1
369.90 -562.90 -1
-705.73 -834.10 -1
361.05 -73.25 1
33.57 -469.27 -1
-102.18 286.21 1
-544.16 -468.78 -1
-214.80 882.74 1
-887.14 -447.60 -1
748.52 900.87 1
369.96 -258.07 1
615.03 -953.12 -1
-457.67 849.54 1
-953.12 -398.95 -1
990.23 -805.47 1
-112.80 -370.75 -1
731.31 76.30 1
181.16 168.28 1
136.85 936.40 1
-63.30 -804.68 -1
271.93 588.90 1
-315.08 -803.64 -1
441.98 -170.85 1
-95.71 -856.92 -1
-490.20 -266.37 -1
-629.49 -306.17 -1
-455.59 963.86 1
494.66 -570.90 -1
363.91 386.56 1
711.77 934.87 1
535.86 323.63 1
-16.36 545.57 1
-603.13 742.11 1
-523.65 560.95 1
-344.87 -300.98 -1
-523.23 -253.56 -1
-864.25 352.56 -1
-390.65 932.80 1
-765.31 -148.51 -1
-583.35 -475.61 -1
641.76 416.90 1
365.50 -268.39 1
-105.05 -72.82 -1
-659.16 337.12 -1
-669.29 319.78 -1
691.94 810.78 1
-10.07 -878.47 -1
889.70 -416.10 1
43.95 420.92 1
861.56 -702.92 1
302.87 593.30 1
63.91 832.39 1
-632.24 -906.37 -1
-644.69 943.05 1
-9.03 -372.09 -1
733.08 -705.37 1
-795.64 14.71 -1
995.48 -272.54 1
-218.70 52.55 -1
-607.46 -445.40 -1
-408.23 -297.56 -1
327.78 -292.13 1
415.61 899.59 1
-827.93 -456.33 -1
774.46 -693.46 1
255.02 -878.47 -1
346.03 -679.48 -1
-907.04 767.99 -1
523.29 646.83 1
-80.69 737.47 1
679.97 -249.22 1
576.51 784.47 1
706.22 502.29 1
-164.87 457.36 1
-624.18 -677.17 -1
-799.06 -72.27 -1
-891.59 -849.78 -1
272.17 167.73 1
688.34 -468.96 1
-289.63 286.70 -1
502.78 -844.66 -1
887.87 841.42 1
-136.85 145.21 1
271.68 930.84 1
969.72 408.90 1
-389.61 -111.27 -1
-916.74 -625.16 -1
-17.34 -613.26 -1
-532.14 -582.92 -1
771.90 759.57 1
663.55 283.53 1
-370.14 -634.74 -1
654.76 841.42 1
490.39 794.36 1
-504.06 -547.95 -1
-303.55 737.35 1
956.17 -713.73 1
-696.70 -673.81 -1
745.65 -106.21 1
-380.15 -239.21 -1
-112.68 -660.75 -1
50.24 32.23 1
795.40 217.54 1
299.70 -442.78 -1
622.84 -140.57 1
-994.81 -465.06 -1
-558.44 42.30 -1
-144.54 838.37 1
-183.06 516.63 1
260.33 254.17 1
-660.93 -338.83 -1
634.68 882.26 1
674.11 580.66 1
-642.37 -491.91 -1
696.82 -44.56 1
-529.94 760.42 1
-731.18 -39.92 -1
172.86 865.65 1
-777.21 558.44 -1
-811.82 814.01 1
116.77 491.73 1
-952.51 -253.01 -1
-680.10 269.79 -1
-633.40 380.70 -1
994.14 -520.91 1
172.25 -723.86 -1
530.73 -280.53 1
341.88 -229.14 1
-991.52 -517.91 -1
219.13 381.80 1
-767.14 281.94 -1
467.44 494.54 1
-80.57 355.73 1
224.81 149.18 1
-415.06 -760.12 -1
621.50 -262.53 1
707.99 -460.97 1
723.43 421.60 1
-279.01 -801.26 -1
-35.46 -911.62 -1
-602.45 594.70 -1
129.04 651.96 1
-803.76 -249.65 -1
947.57 -485.01 1
124.21 -2.75 1
368.74 -995.73 -1
-317.40 -612.71 -1
-430.63 590.61 1
-543.25 173.23 -1
-234.76 -294.39 -1
913.51 -333.27 1
885.06 -29.18 1
-32.72 789.23 1
-829.95 647.07 -1
-120.49 -375.33 -1
-237.01 -879.75 -1
-948.79 291.40 -1
-654.03 -764.63 -1
-726.24 440.03 -1
893.55 -711.10 1
998.11 -305.19 1
-400.17 495.39 1
-813.16 348.35 -1
45.90 -261.43 -1
311.05 621.99 1
-334.31 -579.75 -1
52.62 -193.74 -1
577.00 219.62 1
278.09 -407.98 -1
837.33 -425.81 1
843.07 905.57 1
-811.76 -302.51 -1
791.80 560.15 1
350.97 -56.83 1
513.76 -963.19 -1
934.20 -670.51 1
-580.36 -293.84 -1
-981.44 37.05 -1
699.51 804.13 1
-520.42 -309.10 -1
-275.16 474.03 1
110.30 -759.14 -1
-340.90 188.24 -1
608.13 251.85 1
836.05 860.40 1
-512.85 416.53 -1
-528.84 961.67 1
979.19 -896.29 1
267.78 954.10 1
984.37 -245.86 1
479.09 -648.11 -1
136.42 936.15 1
-8.91 725.20 1
-956.72 874.08 -1
986.45 956.30 1
-234.51 -737.47 -1
-246.54 63.72 -1
595.62 -822.38 -1
202.22 -95.16 1
201.43 898.19 1
-350.55 -930.97 -1
194.53 449.92 1
436.55 275.90 1
186.90 685.22 1
-59.15 588.96 1
398.83 -290.12 1
545.38 -241.16 1
-120.25 470.43 1
126.84 -991.94 -1
-595.01 313.37 -1
626.38 -431.06 1
-889.03 330.95 -1
-735.52 -711.84 -1
-69.40 -696.64 -1
-36.32 611.06 1
892.69 51.52 1
-460.72 256.00 -1
-653.60 -987.49 -1
223.83 -106.27 1
175.24 850.58 1
-915.16 142.89 -1
-940.24 914.48 -1
-99.43 -806.45 -1
-144.11 -643.29 -1
53.96 373.92 1
-852.90 -275.35 -1
10.32 -31.07 -1
36.26 -163.95 -1
-61.83 -393.21 -1
237.08 -246.72 -1
-962.34 524.02 -1
529.94 667.64 1
138.68 21.00 1
642.80 -494.41 1
-869.56 -576.88 -1
620.52 -929.07 -1
-213.70 -143.32 -1
745.22 534.21 1
-454.92 -845.33 -1
69.40 82.10 1
812.12 203.93 1
625.71 540.19 1
-658.00 45.29 -1
-626.32 -219.80 -1
267.17 41.63 1
948.97 725.20 1
-668.99 423.55 -1
-726.18 764.51 1
-106.51 -473.17 -1
-904.47 -607.76 -1
-733.75 -965.64 -1
-488.62 -119.88 -1
944.15 -466.46 1
545.20 -201.86 1
292.07 -296.77 -1
837.15 195.57 1
253.19 -558.14 -1
-491.00 254.47 -1
637.67 249.71 1
268.45 -771.59 -1
-443.45 -822.99 -1
812.85 479.22 1
562.96 -348.10 1
-402.43 -577.43 -1
62.02 -501.43 -1
-970.40 198.44 -1
553.74 -539.52 1
-850.82 874.38 1
269.61 539.34 1
862.78 -2.08 1
766.89 -537.33 1
788.38 309.16 1
-958.25 594.27 -1
778.18 424.65 1
-274.37 -403.65 -1
177.87 308.25 1
-75.87 -839.96 -1
-112.19 -661.84 -1
265.15 113.96 1
286.82 785.20 1
715.13 223.83 1
82.22 -487.52 -1
727.64 -3.17 1
147.84 712.20 1
286.82 -198.01 1
-586.95 487.52 -1
-592.50 -380.88 -1
865.10 97.05 1
655.13 -270.16 1
726.55 670.39 1
247.21 -338.16 -1
872.18 209.42 1
300.01 -299.82 1
-454.50 -312.64 -1
-218.15 276.93 1
439.66 57.62 1
736.01 -447.42 1
-797.17 985.47 1
-664.84 501.37 -1
-566.68 -885.19 -1
332.05 -187.57 1
-775.93 683.33 -1
464.51 -78.92 1
321.67 296.10 1
-617.53 480.01 -1
960.14 673.81 1
-344.14 585.42 1
433.68 -815.54 -1
426.91 69.34 1
470.00 -25.45 1
269.91 -829.46 -1
-533.30 -491.91 -1
-179.58 897.64 1
654.03 330.46 1
-263.50 -605.69 -1
244.64 866.14 1
554.36 623.94 1
636.21 64.40 1
0.79 679.67 1
725.08 705.67 1
326.13 38.58 1
397.36 179.45 1
-782.15 -931.39 -1
-742.54 548.50 -1
859.98 -898.07 -1
657.88 710.00 1
698.41 387.35 1
-908.81 467.19 -1
476.84 -766.22 -1
10.13 -676.49 -1
-896.17 -341.15 -1
132.94 -188.00 -1
-84.91 -147.96 -1
-697.98 172.31 -1
-108.04 768.24 1
-45.41 187.51 1
-599.52 -838.19 -1
-730.82 994.57 1
11.78 375.76 1
51.21 678.69 1
966.92 -804.92 1
-581.94 466.34 -1
-150.83 81.79 -1
-651.22 -672.16 -1
25.94 -901.12 -1
158.58 -196.97 -1
422.08 840.26 1
962.09 861.50 1
188.18 675.09 1
187.08 610.94 1
-174.08 -377.16 -1
202.16 666.00 1
-667.34 168.83 -1
-880.91 988.71 1
928.71 333.39 1
-165.29 -985.05 -1
927.85 308.25 1
-627.66 -121.10 -1
316.43 971.37 1
587.56 -454.25 1
601.11 593.05 1
-701.03 -330.16 -1
488.56 -953.67 -1
908.20 -14.53 1
-39.92 -166.27 -1
-430.87 -953.18 -1
-696.88 -757.80 -1
-27.83 -872.18 -1
-337.79 940.79 1
803.21 94.00 1
672.22 -669.35 1
-59.33 60.12 1
-264.60 -36.75 -1
454.74 -354.57 1
506.93 335.77 1
-531.95 -361.05 -1
-851.98 -621.31 -1
943.72 887.38 1
-86.86 947.81 1
460.17 217.79 1
629.74 -368.74 1
-961.55 -790.94 -1
-363.36 187.27 -1
81.61 -377.53 -1
741.26 921.50 1
489.65 305.13 1
-241.59 319.29 1
13.98 -621.31 -1
-805.16 -755.30 -1
-88.20 526.28 1
639.87 17.27 1
963.68 -812.00 1
-574.93 681.07 1
-82.83 -518.65 -1
-881.89 -222.79 -1
419.22 -345.42 1
408.53 -66.59 1
-501.98 889.21 1
-48.04 -418.48 -1
-340.35 -738.33 -1
-265.89 -882.81 -1
-340.47 -320.82 -1
516.02 813.47 1
12.21 -401.64 -1
-76.05 799.61 1
302.63 -656.05 -1
746.99 420.80 1
359.82 836.05 1
3.11 -712.45 -1
356.83 -459.62 -1
338.58 -669.90 -1
-100.90 -545.38 -1
320.39 168.35 1
-837.03 -59.02 -1
-813.04 -889.03 -1
148.45 219.80 1
618.08 97.11 1
-893.73 335.84 -1
-914.06 889.76 -1
205.40 409.08 1
-647.32 837.33 1
-501.25 984.07 1
672.53 513.52 1
-745.35 288.47 -1
265.40 -451.44 -1
-287.68 -784.84 -1
-378.38 -35.46 -1
326.19 -160.96 1
201.73 -673.32 -1
-438.63 281.15 -1
92.29 -975.71 -1
-697.80 -266.43 -1
182.51 -7.69 1
936.09 457.18 1
-577.92 -812.73 -1
-824.02 563.21 -1
-276.14 -870.29 -1
684.43 394.07 1
73.25 -174.88 -1
-440.94 313.43 -1
407.62 -623.57 -1
745.90 719.22 1
827.38 600.81 1
-560.95 91.50 -1
701.52 -38.03 1
-466.64 -111.46 -1
-769.27 132.52 -1
-812.12 102.42 -1
29.60 496.73 1
567.05 287.80 1
-709.64 907.95 1
-180.92 -124.40 -1
92.66 -988.46 -1
356.04 584.33 1
418.48 448.15 1
-504.06 741.56 1
-561.86 246.48 -1
-467.99 328.33 -1
-372.09 721.78 1
-710.80 558.32 -1
-718.92 189.65 -1
-768.11 804.86 1
978.09 -191.05 1
184.95 688.09 1
573.89 866.75 1
730.33 134.90 1
269.55 -184.40 1
-657.82 -776.23 -1
326.68 -620.40 -1
322.77 627.54 1
989.81 -962.89 1
-398.95 465.79 1
-822.13 -803.94 -1
-541.78 380.82 -1
-491.73 372.89 -1
240.31 647.99 1
214.55 -312.03 -1
122.26 -866.20 -1
-478.00 -10.13 -1
985.23 -85.15 1
-957.70 -78.98 -1
-530.73 368.13 -1
-249.47 237.14 -1
-734.73 547.82 -1
-893.98 693.52 -1
-293.90 -340.96 -1
881.52 809.62 1
722.58 -558.26 1
260.03 825.49 1
-775.99 -722.33 -1
-234.21 162.12 -1
968.63 831.90 1
588.23 -302.26 1
982.30 -957.82 1
863.21 -826.34 1
593.05 -730.45 -1
-525.48 41.08 -1
140.02 -580.54 -1
937.13 -938.47 -1
-579.08 850.03 1
-76.36 975.10 1
940.30 876.58 1
-999.76 -454.92 -1
21.00 687.66 1
130.38 -702.86 -1
841.79 -517.73 1
-489.65 -740.28 -1
462.86 643.59 1
300.92 -977.90 -1
-97.85 759.02 1
814.56 421.53 1
325.34 -698.41 -1
722.70 -829.34 -1
-589.15 -216.26 -1
845.27 -259.29 1
-45.84 195.26 1
-915.64 -191.23 -1
-228.22 -459.68 -1
65.56 -413.97 -1
969.60 283.83 1
-952.82 336.39 -1
-364.04 -479.58 -1
-335.71 -601.23 -1
24.35 679.30 1
64.27 26.98 1
284.99 575.54 1
-998.54 -643.23 -1
-188.43 -377.28 -1
451.08 816.40 1
-737.23 17.95 -1
303.67 288.59 1
-677.65 -288.90 -1
-293.78 341.63 1
-740.40 973.20 1
608.92 -162.79 1
-646.16 -626.56 -1
81.49 -769.46 -1
244.03 -19.41 1
962.52 874.69 1
-733.20 597.75 -1
-598.00 640.36 1
845.94 845.88 1
862.24 165.66 1
993.65 907.34 1
-863.15 46.69 -1
989.38 741.81 1
-46.57 -718.18 -1
295.79 -412.56 -1
-280.90 -716.90 -1
-224.44 560.21 1
974.61 -234.15 1
-727.89 162.12 -1
-883.72 830.01 -1
615.58 -486.42 1
-47.73 545.26 1
116.65 -879.94 -1
650.80 353.05 1
-387.23 -13.43 -1
-352.99 -403.41 -1
125.80 892.14 1
69.71 -506.81 -1
-803.64 637.31 -1
248.18 -140.21 1
-43.28 -923.27 -1
-134.16 905.33 1
-996.46 -250.75 -1
-680.77 -598.24 -1
-865.04 -82.16 -1
847.65 -452.97 1
12.70 832.88 1
993.59 -169.14 1
812.61 30.09 1
959.35 218.21 1
-73.98 476.59 1
419.03 960.69 1
-224.93 376.43 1
-648.54 -650.37 -1
-197.64 449.19 1
-545.99 -276.08 -1
-299.70 494.05 1
-298.48 -957.58 -1
-59.76 50.66 -1
-387.66 -662.76 -1
-334.43 971.25 1
783.62 -643.04 1
-989.75 714.22 -1
258.62 714.64 1
-94.31 173.90 1
289.08 851.74 1
438.44 857.54 1
53.65 131.29 1
820.85 -778.00 1
-103.09 -627.54 -1
38.33 984.62 1
-350.42 -861.50 -1
-765.98 -783.50 -1
-406.09 -908.26 -1
894.71 -963.01 -1
-364.52 727.22 1
-100.47 715.31 1
-754.93 -202.65 -1
-504.55 -4.03 -1
-267.59 -258.32 -1
260.03 -539.89 -1
-586.03 431.61 -1
-884.82 -266.80 -1
-761.22 -455.41 -1
454.98 353.48 1
-567.17 880.49 1
447.72 -887.02 -1
726.00 930.23 1
577.98 -315.69 1
723.13 12.57 1
-511.63 343.77 -1
982.97 -711.41 1
-815.11 -394.43 -1
-634.56 -31.74 -1
668.01 -420.86 1
-787.77 20.20 -1
-948.36 860.16 -1
-79.41 698.77 1
-765.67 -229.75 -1
475.25 199.23 1
181.83 -242.75 -1
499.11 754.99 1
886.41 -233.29 1
386.80 488.13 1
64.58 -600.20 -1
-918.27 326.86 -1
655.62 -331.56 1
-938.66 -698.47 -1
-817.55 -839.77 -1
-909.54 532.32 -1
-960.14 427.09 -1
308.06 -779.59 -1
-230.54 407.43 1
207.78 956.36 1
-613.81 -302.33 -1
75.63 -344.02 -1
-181.65 483.00 1
447.48 -560.21 -1
522.86 -59.63 1
148.14 -236.10 -1
338.89 928.10 1
-524.81 119.09 -1
642.74 771.53 1
-909.91 -391.87 -1
-134.65 -40.10 -1
-821.64 -285.42 -1
436.18 -434.41 1
442.17 -424.71 1
214.67 -801.75 -1
-513.21 70.01 -1
-526.52 307.03 -1
165.60 38.64 1
-506.07 642.25 1
-557.41 941.46 1
-161.94 690.96 1
-661.42 -728.25 -1
358.42 -103.71 1
-479.03 -963.74 -1
-991.09 -524.51 -1
100.90 -386.74 -1
-480.86 -352.56 -1
-799.91 -697.37 -1
-6.23 83.20 1
849.42 -119.70 1
501.07 -608.56 -1
-218.21 468.11 1
711.59 452.18 1
683.21 33.02 1
-349.51 -590.55 -1
461.64 828.60 1
625.59 -861.87 -1
-900.69 88.38 -1
-606.85 994.69 1
-350.73 287.92 -1
625.89 -334.13 1
937.98 -715.93 1
742.05 928.65 1
-461.21 646.77 1
162.55 -869.44 -1
577.12 -506.74 1
-945.19 208.08 -1
-70.93 141.24 1
-371.73 -950.38 -1
-621.19 887.87 1
-957.70 -978.58 -1
-706.04 232.62 -1
-8.85 464.20 1
384.06 -147.23 1
-974.30 -24.60 -1
-897.27 645.97 -1
-322.53 -709.70 -1
257.95 -849.48 -1
444.67 -428.74 1
-609.66 659.28 1
704.69 -78.68 1
485.20 334.68 1
614.97 -68.18 1
-422.39 642.74 1
63.97 -921.50 -1
-184.52 414.03 1
736.50 777.57 1
541.84 -152.60 1
353.42 -86.49 1
-41.32 766.83 1
-848.99 -346.40 -1
-63.30 444.79 1
-339.56 359.09 1
530.18 304.89 1
-149.91 406.21 1
763.05 -184.58 1
694.87 -268.88 1
-754.01 887.38 1
232.44 -91.13 1
-811.21 -911.86 -1
-828.54 -419.70 -1
-631.33 985.17 1
112.25 -960.51 -1
-380.46 -70.68 -1
-556.74 793.44 1
402.00 -405.48 -1
-23.32 -93.27 -1
-981.38 -418.54 -1
-616.25 944.88 1
36.38 401.82 1
494.11 -673.75 -1
477.69 152.78 1
520.23 -101.51 1
-655.56 196.73 -1
-728.87 548.01 -1
36.62 155.95 1
-583.90 -341.09 -1
-773.61 -462.92 -1
861.50 -768.36 1
754.38 297.20 1
304.22 473.48 1
104.99 -337.42 -1
22.71 -325.40 -1
28.87 -484.53 -1
969.24 -817.07 1
870.84 -341.45 1
224.75 -712.81 -1
167.49 -728.56 -1
-119.39 -175.79 -1
-922.11 -129.28 -1
-592.57 -679.79 -1
207.41 86.68 1
575.72 480.99 1
389.24 -431.36 -1
988.71 -159.07 1
985.78 332.36 1
-707.99 385.77 -1
-728.74 860.22 1
121.53 959.84 1
-540.07 -731.31 -1
-149.42 -728.93 -1
940.18 855.15 1
-797.35 307.09 -1
278.40 334.13 1
-211.87 971.80 1
556.25 79.84 1
630.10 759.51 1
600.20 683.64 1
-259.42 -724.65 -1
-330.04 -859.31 -1
810.72 416.47 1
165.72 978.76 1
75.44 24.90 1
-82.95 -361.11 -1
-581.88 827.14 1
617.23 -574.25 1
774.71 -530.37 1
-36.38 -666.42 -1
-98.94 -533.72 -1
68.67 65.74 1
567.60 866.94 1
-298.36 -443.20 -1
-759.81 461.76 -1
926.33 -687.54 1
-686.38 -666.36 -1
-305.80 876.95 1
956.91 -429.84 1
958.92 742.54 1
-364.83 948.24 1
-129.10 -987.06 -1
-629.80 -595.98 -1
-381.86 133.55 -1
-199.54 101.26 -1
-526.95 998.96 1
-894.52 908.14 1
-391.02 754.01 1
-143.93 -901.97 -1
249.16 -402.86 -1
-148.32 -914.24 -1
-290.36 901.54 1
-989.93 9.89 -1
899.96 -36.81 1
369.16 976.44 1
842.34 -307.39 1
264.91 775.07 1
773.97 559.18 1
-252.33 -119.45 -1
-606.91 -898.55 -1
299.58 -448.88 -1
812.73 318.32 1
-85.76 -162.12 -1
-217.18 248.86 1
603.43 -683.82 -1
-253.92 58.84 -1
-609.23 352.93 -1
286.82 -58.60 1
-142.10 720.50 1
-462.43 148.08 -1
301.96 -628.21 -1
105.48 -539.52 -1
-429.65 -812.31 -1
79.72 416.41 1
633.16 509.13 1
-315.33 -398.40 -1
956.17 267.17 1
-860.83 321.49 -1
-262.16 523.90 1
285.91 -36.93 1
-928.40 -765.43 -1
-447.72 -637.92 -1
-903.80 -953.43 -1
806.63 485.38 1
197.34 944.52 1
-329.79 -257.40 -1
322.16 555.94 1
-149.55 -760.18 -1
470.12 -69.16 1
-945.61 -713.54 -1
421.47 604.59 1
-952.02 468.41 -1
-233.41 759.57 1
-578.22 600.81 1
299.52 296.53 1
-373.50 871.82 1
835.68 629.25 1
840.20 490.08 1
519.38 -986.82 -1
230.42 149.18 1
-318.87 223.34 -1
-826.71 -379.66 -1
309.16 -609.60 -1
-8.12 -212.84 -1
-804.92 811.51 1
776.72 433.56 1
-179.82 544.47 1
850.88 98.76 1
40.16 -399.07 -1
442.35 -689.07 -1
-365.20 -451.08 -1
-874.63 -487.64 -1
782.58 -661.72 1
594.58 987.98 1
-476.23 -838.67 -1
332.30 110.97 1
-725.20 161.14 -1
-265.21 -782.64 -1
454.80 -200.33 1
-743.33 -578.83 -1
-711.16 -300.74 -1
137.52 -315.75 -1
-150.52 -231.34 -1
-726.73 452.24 -1
398.40 -573.34 -1
795.03 -830.62 -1
91.92 -263.32 -1
916.07 -14.89 1
-887.99 -737.17 -1
-387.23 963.80 1
286.03 -537.75 -1
-301.47 -888.48 -1
-743.94 424.40 -1
855.28 532.20 1
-736.56 770.55 1
-815.54 23.26 -1
-392.79 526.46 1
-159.37 -572.24 -1
-158.27 779.71 1
-691.94 -949.28 -1
775.38 934.69 1
886.47 -544.22 1
331.50 -622.17 -1
-55.91 -47.49 -1
-663.61 366.23 -1
504.79 -912.17 -1
-705.43 949.70 1
-271.87 -545.87 -1
-784.72 742.05 -1
-152.41 125.74 -1
-447.78 352.19 -1
127.39 -962.77 -1
318.75 -712.57 -1
402.12 615.76 1
-557.96 -857.66 -1
760.48 978.88 1
417.63 884.94 1
936.03 12.51 1
-673.38 53.04 -1
-32.11 639.81 1
280.29 674.30 1
-307.15 593.24 1
-649.03 -280.47 -1
632.61 -995.61 -1
55.36 905.57 1
-162.73 -878.35 -1
450.28 -343.47 1
-750.23 -530.43 -1
904.35 39.61 1
150.52 762.38 1
607.95 -515.78 1
247.88 883.42 1
-115.79 100.23 -1
975.46 -755.84 1
363.12 405.24 1
-441.80 834.40 1
80.94 275.41 1
-588.17 -724.84 -1
-431.18 930.90 1
-564.43 -809.38 -1
-8.48 769.03 1
-237.62 -793.99 -1
-600.44 857.96 1
528.90 -110.97 1
157.42 902.46 1
-773.00 -55.79 -1
-390.71 -504.79 -1
-799.37 974.00 1
-953.24 -534.09 -1
848.87 118.29 1
-961.18 140.02 -1
98.39 886.47 1
188.00 -679.61 -1
-290.73 -508.27 -1
-625.65 804.68 1
-26.12 -996.52 -1
551.67 248.92 1
373.44 627.30 1
154.61 -806.93 -1
754.14 426.97 1
183.97 58.05 1
-414.76 800.59 1
-971.31 -72.27 -1
-138.44 -977.66 -1
-910.58 -70.26 -1
213.09 164.50 1
-735.27 25.45 -1
-215.77 708.66 1
-636.33 22.83 -1
444.85 163.28 1
506.56 624.67 1
896.17 996.34 1
576.02 -675.76 -1
233.23 196.48 1
782.15 961.55 1
-472.44 777.21 1
402.55 -248.86 1
991.33 532.99 1
-238.66 596.78 1
-714.46 363.36 -1
508.82 502.04 1
537.45 -525.00 1
-736.25 -107.86 -1
-376.00 -224.07 -1
-317.22 658.43 1
-709.09 772.69 1
-983.64 737.04 -1
-336.14 -715.44 -1
217.48 36.50 1
-282.61 -712.87 -1
-338.46 -475.25 -1
-736.19 196.06 -1
-456.08 288.84 -1
-976.38 905.69 -1
-985.53 379.72 -1
-659.53 -106.39 -1
-886.22 255.33 -1
-896.60 704.88 -1
-428.37 633.16 1
-561.50 -873.95 -1
532.44 -434.47 1
-267.53 -634.74 -1
-732.10 550.51 -1
551.06 -453.27 1
941.46 489.78 1
-986.14 -164.62 -1
-515.17 -692.67 -1
-810.05 -497.59 -1
-348.29 40.65 -1
-926.39 245.25 -1
308.37 -783.56 -1
706.59 72.82 1
26.12 325.03 1
-994.51 -928.95 -1
-963.56 203.99 -1
-138.92 -640.91 -1
612.34 -854.91 -1
-933.22 549.17 -1
-62.75 536.23 1
644.02 -976.62 -1
-474.39 850.45 1
123.30 339.68 1
-743.64 -203.99 -1
-654.52 -922.30 -1
81.79 -561.19 -1
344.81 -559.12 -1
-524.69 109.56 -1
876.27 922.91 1
-320.21 -91.13 -1
-849.66 353.66 -1
819.02 -377.22 1
337.55 637.67 1
-65.25 -139.41 -1
403.77 -505.40 -1
13.12 227.92 1
-158.27 517.91 1
60.49 -652.57 -1
858.51 -138.99 1
293.05 -459.93 -1
582.49 865.78 1
-497.34 978.09 1
-146.86 -55.67 -1
660.56 -876.09 -1
154.86 28.20 1
-178.54 267.11 1
257.28 894.77 1
392.17 970.15 1
-873.89 686.69 -1
-175.67 237.75 1
665.75 -65.43 1
796.98 221.82 1
855.70 395.90 1
-51.27 272.54 1
844.96 23.01 1
224.26 151.38 1
565.40 372.76 1
-104.68 -784.78 -1
427.46 -230.30 1
321.43 -613.07 -1
-339.99 535.86 1
-489.84 722.52 1
857.84 -400.90 1
-458.28 -611.06 -1
-702.37 793.93 1
918.39 865.04 1
587.62 164.44 1
-97.60 176.52 1
-790.33 585.55 -1
-94.18 -20.45 -1
-479.40 -988.40 -1
991.88 304.22 1
-228.65 667.77 1
553.13 770.31 1
708.72 -506.44 1
-772.08 -911.37 -1
-678.02 -844.90 -1
-882.50 660.32 -1
-703.66 -65.86 -1
365.93 -915.09 -1
735.52 -190.62 1
-833.67 393.27 -1
716.72 -957.88 -1
-744.31 813.28 1
-759.81 577.67 -1
-40.53 885.06 1
136.18 -424.53 -1
850.27 -264.60 1
-510.10 381.92 -1
82.04 325.09 1
-849.48 255.26 -1
462.80 -518.59 -1
-116.58 158.27 1
327.60 -471.83 -1
-270.40 -70.44 -1
-724.78 -673.87 -1
135.32 145.76 1
-169.20 -464.20 -1
-587.19 -11.90 -1
-904.29 -84.29 -1
96.26 -574.68 -1
-549.96 -532.08 -1
-245.56 -974.49 -1
366.36 -755.78 -1
-176.89 -290.79 -1
400.60 624.43 1
19.11 -243.79 -1
-579.20 880.24 1
899.47 -620.40 1
136.97 836.54 1
126.84 177.75 1
993.04 443.14 1
-994.51 -221.94 -1
-513.83 -931.39 -1
848.50 985.29 1
-26.25 330.16 1
-260.82 -255.51 -1
-969.66 269.91 -1
-749.01 -764.63 -1
419.52 692.61 1
-314.47 405.97 1
739.67 475.37 1
-607.03 260.82 -1
-190.32 662.46 1
737.72 216.14 1
854.73 158.03 1
269.73 -166.70 1
554.72 -171.09 1
-333.15 243.97 -1
19.84 -169.93 -1
-991.64 578.89 -1
753.53 -34.85 1
942.93 -286.82 1
665.93 -105.29 1
-686.26 641.15 -1
201.73 -995.30 -1
804.25 -209.00 1
-357.26 747.54 1
-836.66 595.56 -1
-350.67 -731.98 -1
578.47 -372.76 1
102.36 -872.18 -1
-247.51 613.68 1
-691.57 -60.92 -1
-747.36 643.59 -1
631.45 721.05 1
-310.02 -122.99 -1
611.18 -208.02 1
-706.22 -927.79 -1
-365.74 -990.97 -1
443.33 241.10 1
-782.76 167.49 -1
-281.39 745.77 1
965.88 373.07 1
-966.31 149.67 -1
-727.77 199.54 -1
414.33 135.02 1
814.08 -556.06 1
-18.01 798.63 1
915.09 291.77 1
-291.22 -360.68 -1
-166.88 704.82 1
503.27 550.08 1
-964.41 -155.65 -1
-809.13 -875.18 -1
525.97 341.94 1
952.63 -403.53 1
-716.90 -769.82 -1
-219.13 -286.09 -1
-122.69 346.58 1
520.36 874.87 1
-676.49 21.73 -1
-949.52 -176.16 -1
-763.66 866.45 1
177.38 -769.76 -1
-652.51 -532.56 -1
-206.56 -543.55 -1
-550.39 807.36 1
870.35 830.86 1
-171.89 -781.66 -1
-154.37 736.80 1
-756.33 684.80 -1
967.04 830.80 1
528.72 304.65 1
-844.47 701.95 -1
858.27 -274.80 1
951.72 -714.95 1
760.79 362.27 1
104.68 340.84 1
928.46 -781.97 1
-629.68 -686.38 -1
891.66 -890.80 1
-922.60 -117.38 -1
618.26 117.01 1
26.19 -485.20 -1
-897.64 72.76 -1
-718.18 336.14 -1
-997.13 891.59 -1
424.65 630.04 1
-604.22 565.22 -1
819.81 -721.42 1
-298.05 -371.42 -1
-531.10 457.30 -1
853.75 -89.12 1
7.02 895.32 1
761.83 384.18 1
405.30 -984.13 -1
145.33 -77.28 1
-55.91 267.78 1
-211.44 -215.35 -1
-981.87 -40.04 -1
-715.25 -371.30 -1
336.02 -86.31 1
331.44 -121.16 1
-924.07 242.69 -1
638.89 248.61 1
562.90 575.41 1
-485.56 -761.15 -1
-974.36 30.46 -1
-814.93 420.13 -1
0.24 259.29 1
920.53 312.40 1
-61.22 866.87 1
19.47 -324.12 -1
-410.79 -475.43 -1
722.94 -976.32 -1
706.28 86.61 1
-886.10 169.99 -1
657.02 -977.35 -1
-930.60 625.65 -1
483.98 -520.11 -1
-675.27 654.21 -1
987.12 -714.03 1
714.34 -199.35 1
388.09 206.31 1
-350.06 704.94 1
139.41 767.26 1
901.12 -987.00 -1
440.15 -41.26 1
-262.96 -800.65 -1
21.12 128.12 1
495.94 -890.01 -1
-237.38 377.71 1
-358.73 -957.39 -1
706.34 778.92 1
369.96 173.41 1
24.11 715.25 1
833.06 143.87 1
-493.19 -333.15 -1
-967.77 621.13 -1
134.65 -251.05 -1
455.72 642.68 1
-707.75 316.18 -1
-487.27 558.99 1
191.11 -53.59 1
833.85 386.25 1
60.55 116.03 1
-505.22 -618.02 -1
672.28 -121.41 1
230.48 655.56 1
-242.20 -139.60 -1
698.22 -373.86 1
884.45 884.64 1
855.34 141.79 1
349.26 -463.16 -1
-488.07 -930.23 -1
656.66 -14.89 1
122.38 -826.71 -1
-861.01 365.56 -1
877.07 -914.79 -1
-714.22 -952.94 -1
-842.21 192.03 -1
-659.16 -911.68 -1
-580.78 -759.57 -1
-267.59 197.28 -1
557.83 479.70 1
-102.00 508.09 1
-167.98 150.46 -1
65.37 -513.46 -1
-603.86 -865.17 -1
553.93 277.24 1
509.31 578.95 1
157.54 804.00 1
-517.49 299.46 -1
172.37 -62.75 1
428.07 789.84 1
-368.80 40.65 -1
869.87 634.87 1
307.82 207.72 1
-718.55 148.87 -1
-946.96 -495.94 -1
612.10 -951.17 -1
25.70 525.06 1
861.87 975.34 1
379.97 582.25 1
772.57 672.53 1
-27.22 831.90 1
-307.39 643.11 1
653.60 657.08 1
-318.81 -914.24 -1
-302.63 -384.12 -1
912.35 -67.26 1
946.41 269.30 1
442.84 795.21 1
219.80 199.23 1
-593.79 -366.97 -1
556.61 532.08 1
694.50 -40.65 1
-147.59 -722.94 -1
190.32 -607.95 -1
453.64 795.09 1
-386.38 -633.64 -1
-729.54 -292.86 -1
43.09 819.39 1
-26.80 558.63 1
175.85 -340.05 -1
-168.22 -451.63 -1
388.94 836.97 1
763.11 -362.20 1
662.58 816.21 1
-852.59 -649.58 -1
-569.31 -718.67 -1
-22.22 576.45 1
-581.15 -130.32 -1
-97.91 -307.64 -1
-467.07 754.93 1
724.41 -688.95 1
861.56 890.92 1
-75.99 971.92 1
-146.01 727.46 1
-242.32 85.33 -1
736.62 -788.26 -1
-494.23 -555.82 -1
229.45 -112.43 1
425.56 613.56 1
627.17 -96.69 1
-25.76 -488.49 -1
304.65 744.74 1
864.01 -504.79 1
-288.53 501.13 1
-488.92 261.73 -1
-82.52 480.31 1
-557.29 -121.10 -1
-229.51 -17.27 -1
222.98 257.40 1
731.43 49.38 1
-539.40 -623.76 -1
-554.23 -6.23 -1
462.00 575.35 1
-882.01 -467.62 -1
-909.54 226.21 -1
-252.76 324.79 1
395.90 95.04 1
290.12 -263.57 1
575.11 -291.22 1
811.15 637.43 1
828.42 -961.85 -1
-315.75 47.18 -1
671.73 809.56 1
-92.47 441.37 1
-730.64 757.68 1
-406.34 529.94 1
348.04 -866.87 -1
698.65 -679.18 1
-744.37 -223.83 -1
-948.85 281.69 -1
-272.72 68.12 -1
-253.98 -589.03 -1
920.77 76.05 1
961.97 32.53 1
283.53 200.09 1
269.00 124.58 1
815.36 -362.33 1
486.11 997.13 1
286.76 976.56 1
-848.07 -871.51 -1
977.84 -771.17 1
671.85 -23.93 1
-501.43 620.28 1
-797.53 -429.59 -1
-745.65 -556.25 -1
-661.97 708.23 1
-882.50 294.15 -1
659.16 -444.85 1
869.50 -7.81 1
-792.71 -528.78 -1
974.06 514.56 1
-51.09 -128.49 -1
-754.20 -761.77 -1
-711.65 934.08 1
-24.23 -184.22 -1
-304.34 -31.44 -1
75.26 -10.07 1
-490.69 257.65 -1
-196.55 -335.96 -1
-22.46 182.45 1
638.47 -462.43 1
600.26 -552.83 1
-144.42 -378.62 -1
834.65 212.78 1
375.57 -56.46 1
-774.16 -46.45 -1
-556.00 760.06 1
27.16 -150.71 -1
706.53 580.85 1
368.92 -475.55 -1
-760.67 -674.05 -1
43.09 -51.70 -1
101.32 922.30 1
962.16 -693.52 1
-33.88 653.79 1
356.16 -340.66 1
400.42 -420.37 -1
771.78 -803.64 -1
348.04 -670.21 -1
933.22 -98.09 1
384.67 -407.25 -1
530.00 -557.22 -1
303.42 -393.15 -1
992.49 -908.44 1
596.17 -31.56 1
-682.05 497.53 -1
-609.47 68.18 -1
-988.89 -883.05 -1
-591.96 -530.43 -1
-801.44 -882.56 -1
502.84 541.11 1
-16.60 -433.86 -1
345.48 654.34 1
-900.93 716.17 -1
814.26 -738.45 1
-72.03 203.20 1
655.19 164.87 1
-55.79 -35.16 -1
-25.45 288.16 1
-353.96 -305.32 -1
-873.95 -733.14 -1
-961.55 -355.43 -1
-445.34 -834.28 -1
-270.89 586.58 1
-840.02 638.41 -1
-300.19 -252.33 -1
-257.89 840.20 1
816.88 530.24 1
-908.69 -591.47 -1
141.61 829.15 1
-714.15 -178.42 -1
-895.38 -240.43 -1
-242.20 447.48 1
-394.25 -391.99 -1
692.30 599.22 1
-898.25 817.25 -1
-679.61 -95.59 -1
-254.23 819.75 1
669.90 304.95 1
-360.98 531.22 1
-665.81 997.44 1
-740.83 -683.39 -1
-174.94 -372.40 -1
-873.59 241.53 -1
68.24 52.01 1
-229.38 420.56 1
-392.85 -23.01 -1
61.34 276.75 1
-924.13 790.76 -1
964.48 523.35 1
503.94 897.94 1
786.00 680.46 1
-984.56 871.76 -1
967.71 -60.61 1
-513.46 -265.89 -1
495.27 187.82 1
720.32 678.02 1
-17.34 6.59 -1
705.43 -457.36 1
-505.22 -547.52 -1
-481.29 356.47 -1
-829.70 438.20 -1
-565.10 -742.35 -1
708.78 522.68 1
805.41 -892.94 -1
782.40 924.13 1
-730.64 104.68 -1
437.22 567.91 1
860.34 722.03 1
-455.66 982.66 1
567.72 264.36 1
364.59 -144.30 1
920.16 -626.01 1
-711.29 62.14 -1
149.12 -213.09 -1
816.88 -21.91 1
498.14 -343.53 1
837.39 -107.67 1
238.36 -244.09 -1
-730.15 327.96 -1
-45.66 871.94 1
-865.78 -913.94 -1
661.05 -297.56 1
106.94 825.98 1
316.12 -429.04 -1
-371.18 -9.09 -1
288.84 -730.82 -1
-373.56 896.72 1
348.47 341.88 1
-91.68 -209.67 -1
-265.09 124.58 -1
300.19 695.72 1
874.02 849.05 1
580.66 -144.23 1
-700.85 126.47 -1
280.53 585.67 1
343.71 -877.49 -1
-592.69 -652.14 -1
163.77 -263.38 -1
158.82 863.15 1
-342.98 -903.13 -1
686.44 -931.76 -1
837.94 684.80 1
972.90 -264.97 1
232.19 400.35 1
-115.12 -439.17 -1
853.87 882.32 1
-535.31 -454.74 -1
-673.56 393.58 -1
-478.12 -536.35 -1
-288.35 -413.48 -1
588.78 -748.70 -1
606.79 459.20 1
301.41 110.24 1
-925.23 815.17 -1
-730.88 -849.30 -1
-30.64 540.56 1
-505.16 381.25 -1
215.47 -990.60 -1
-591.96 -142.40 -1
611.00 -69.22 1
574.44 -194.16 1
709.58 949.22 1
143.08 -470.67 -1
-651.65 312.09 -1
95.16 -86.13 1
382.53 -83.93 1
-644.81 -656.90 -1
189.22 -955.62 -1
-171.52 -163.46 -1
504.24 108.34 1
426.78 -777.57 -1
-847.95 705.06 -1
144.60 158.70 1
234.45 -695.66 -1
249.04 -186.29 1
336.81 877.13 1
645.30 -980.10 -1
318.20 -223.10 1
480.25 712.81 1
-755.23 189.04 -1
47.00 466.58 1
31.01 -542.76 -1
53.04 941.59 1
-650.49 603.43 -1
-686.63 -947.32 -1
-625.83 -650.80 -1
932.92 -325.58 1
-83.38 -43.83 -1
38.33 692.30 1
520.36 -807.00 -1
-874.87 -784.90 -1
-925.84 745.65 -1
78.56 -239.76 -1
508.33 -620.28 -1
933.71 223.04 1
133.43 -828.66 -1
436.55 444.55 1
-811.27 -885.12 -1
467.92 -810.41 -1
-841.67 423.67 -1
-606.67 347.13 -1
419.70 833.18 1
401.21 165.42 1
-213.15 222.12 1
-108.53 335.96 1
511.14 861.56 1
-21.67 736.31 1
-699.69 605.14 -1
167.61 646.46 1
-78.98 334.25 1
273.52 250.02 1
-55.61 -31.37 -1
-364.71 -767.01 -1
200.21 356.41 1
697.98 292.99 1
-500.89 -644.75 -1
18.01 370.57 1
188.06 -582.07 -1
758.10 -583.47 1
-900.75 993.71 1
-268.08 -493.87 -1
-542.70 -941.77 -1
-937.13 113.90 -1
304.71 -913.02 -1
-481.60 360.62 -1
-990.11 -220.47 -1
-417.87 46.21 -1
-579.56 852.77 1
-672.65 279.80 -1
-778.06 -788.74 -1
-846.24 -480.38 -1
-932.49 -189.10 -1
449.67 -163.52 1
-960.94 524.26 -1
242.32 -788.50 -1
-997.25 -676.13 -1
899.90 682.05 1
421.96 -905.63 -1
945.92 147.29 1