2000
10
77
78
12
55
26
4
14
80
20
7
4
92
35
43
29
82
82
19
95
54
18
52
78
34
75
61
99
13
38
79
29
64
50
60
50
58
63
4
68
11
75
53
58
4
88
61
83
86
85
87
9
72
29
93
55
49
6
4
95
46
30
48
97
16
69
92
47
10
20
20
47
90
55
84
2
22
34
58
70
56
98
7
72
33
86
95
85
4
51
94
74
62
64
83
54
7
83
67
82
43
71
18
69
86
95
47
14
61
69
9
67
62
4
19
33
47
33
13
66
3
50
4
30
85
29
45
28
4
83
23
39
10
82
83
98
92
83
3
30
66
75
56
70
31
35
17
35
68
22
81
90
93
38
22
92
88
15
57
4
40
6
50
72
42
55
18
18
15
39
60
76
8
78
23
43
51
68
1
84
27
24
34
75
2
74
6
100
78
34
4
2
86
2
84
13
77
90
43
65
80
94
45
37
19
74
93
55
48
83
52
80
94
65
8
81
48
8
36
8
97
99
12
71
29
92
59
42
10
22
42
37
37
71
40
12
1
65
82
27
81
54
61
53
94
15
46
11
73
91
31
32
81
67
57
82
1
24
22
72
6
67
82
63
92
21
88
49
71
54
95
57
67
72
47
31
17
69
56
28
3
52
57
13
56
88
61
62
70
43
12
29
93
50
20
55
85
37
9
34
97
75
30
58
73
89
86
76
64
6
38
4
75
32
15
50
63
87
92
93
12
62
97
1
19
3
97
96
84
82
17
8
7
69
22
58
1
98
68
41
61
54
40
92
32
89
48
89
52
95
75
30
21
39
79
52
87
94
77
99
4
60
18
62
4
46
79
2
96
41
20
48
58
56
13
69
72
89
98
41
15
65
48
81
32
39
19
48
28
9
82
79
56
45
11
21
19
7
35
24
88
16
11
88
21
64
40
98
86
7
44
67
88
52
33
80
24
36
76
72
42
46
92
42
41
17
26
1
95
93
96
13
97
4
93
17
57
89
28
23
6
1
29
75
51
35
53
39
5
71
91
11
76
94
32
49
38
70
85
21
32
60
100
27
50
63
51
52
36
8
70
14
11
91
95
59
89
28
48
92
67
100
12
35
85
28
3
9
19
81
36
20
6
2
92
18
21
81
7
44
25
32
4
6
66
54
46
58
36
63
94
40
25
8
36
1
83
63
24
94
91
44
17
27
96
23
92
50
9
81
12
100
31
18
52
59
66
19
54
37
46
39
16
11
27
3
21
45
7
3
74
87
83
52
75
48
65
68
10
83
15
66
51
15
65
48
92
49
53
54
58
60
66
38
33
74
16
53
80
60
75
63
7
48
57
5
76
86
1
48
81
75
92
67
70
9
14
86
33
7
34
48
60
22
62
4
33
79
26
54
39
9
14
65
48
95
43
9
74
39
41
95
67
95
76
40
1
26
33
68
42
7
11
67
58
49
49
83
64
70
56
2
52
82
83
36
76
10
49
55
74
25
35
81
64
24
12
37
82
83
27
51
77
13
99
11
5
14
99
60
19
66
91
38
100
63
6
19
17
43
39
14
87
93
44
40
23
40
64
33
89
79
16
55
27
28
57
48
7
97
58
54
48
11
43
45
34
45
20
97
67
91
39
6
11
100
42
91
23
83
12
87
30
18
13
68
25
41
55
91
37
25
100
38
40
85
90
43
44
47
56
17
55
42
52
26
90
25
41
18
3
52
100
48
45
54
12
6
36
57
63
58
64
51
75
41
19
36
39
55
2
89
65
23
45
37
3
67
87
77
9
43
41
35
55
56
81
20
58
11
89
97
96
22
95
73
1
74
18
48
77
14
29
18
11
17
6
45
62
10
17
94
92
71
3
16
81
52
9
58
46
35
26
16
56
37
99
64
65
12
72
10
38
98
80
92
72
100
72
47
13
97
12
61
48
98
25
54
86
85
76
26
17
35
69
54
83
57
24
45
43
65
14
15
74
81
39
8
55
66
19
59
40
38
30
92
66
64
52
58
93
12
4
45
54
97
38
15
61
54
66
100
83
83
6
84
29
93
69
19
65
52
80
32
45
5
96
6
54
64
99
58
6
78
29
48
57
29
70
76
89
30
42
26
41
99
77
49
85
8
75
48
32
72
41
15
3
73
84
74
76
63
88
75
87
80
50
14
48
88
19
6
28
37
78
24
2
94
61
17
4
19
10
42
66
68
80
12
12
52
15
34
15
64
56
35
52
4
12
12
84
64
79
40
82
39
47
88
12
97
89
8
95
86
52
44
50
50
42
58
10
77
78
12
55
26
4
14
80
20
7
4
92
35
43
29
82
82
19
95
54
18
52
78
34
75
61
99
13
38
79
29
64
50
60
50
58
63
4
68
11
75
53
58
4
88
61
83
86
85
87
9
72
29
93
55
49
6
4
95
46
30
48
97
16
69
92
47
10
20
20
47
90
55
84
2
22
34
58
70
56
98
7
72
33
86
95
85
4
51
94
74
62
64
83
54
7
83
67
82
43
71
18
69
86
95
47
14
61
69
9
67
62
4
19
33
47
33
13
66
3
50
4
30
85
29
45
28
4
83
23
39
10
82
83
98
92
83
3
30
66
75
56
70
31
35
17
35
68
22
81
90
93
38
22
92
88
15
57
4
40
6
50
72
42
55
18
18
15
39
60
76
8
78
23
43
51
68
1
84
27
24
34
75
2
74
6
100
78
34
4
2
86
2
84
13
77
90
43
65
80
94
45
37
19
74
93
55
48
83
52
80
94
65
8
81
48
8
36
8
97
99
12
71
29
92
59
42
10
22
42
37
37
71
40
12
1
65
82
27
81
54
61
53
94
15
46
11
73
91
31
32
81
67
57
82
1
24
22
72
6
67
82
63
92
21
88
49
71
54
95
57
67
72
47
31
17
69
56
28
3
52
57
13
56
88
61
62
70
43
12
29
93
50
20
55
85
37
9
34
97
75
30
58
73
89
86
76
64
6
38
4
75
32
15
50
63
87
92
93
12
62
97
1
19
3
97
96
84
82
17
8
7
69
22
58
1
98
68
41
61
54
40
92
32
89
48
89
52
95
75
30
21
39
79
52
87
94
77
99
4
60
18
62
4
46
79
2
96
41
20
48
58
56
13
69
72
89
98
41
15
65
48
81
32
39
19
48
28
9
82
79
56
45
11
21
19
7
35
24
88
16
11
88
21
64
40
98
86
7
44
67
88
52
33
80
24
36
76
72
42
46
92
42
41
17
26
1
95
93
96
13
97
4
93
17
57
89
28
23
6
1
29
75
51
35
53
39
5
71
91
11
76
94
32
49
38
70
85
21
32
60
100
27
50
63
51
52
36
8
70
14
11
91
95
59
89
28
48
92
67
100
12
35
85
28
3
9
19
81
36
20
6
2
92
18
21
81
7
44
25
32
4
6
66
54
46
58
36
63
94
40
25
8
36
1
83
63
24
94
91
44
17
27
96
23
92
50
9
81
12
100
31
18
52
59
66
19
54
37
46
39
16
11
27
3
21
45
7
3
74
87
83
52
75
48
65
68
10
83
15
66
51
15
65
48
92
49
53
54
58
60
66
38
33
74
16
53
80
60
75
63
7
48
57
5
76
86
1
48
81
75
92
67
70
9
14
86
33
7
34
48
60
22
62
4
33
79
26
54
39
9
14
65
48
95
43
9
74
39
41
95
67
95
76
40
1
26
33
68
42
7
11
67
58
49
49
83
64
70
56
2
52
82
83
36
76
10
49
55
74
25
35
81
64
24
12
37
82
83
27
51
77
13
99
11
5
14
99
60
19
66
91
38
100
63
6
19
17
43
39
14
87
93
44
40
23
40
64
33
89
79
16
55
27
28
57
48
7
97
58
54
48
11
43
45
34
45
20
97
67
91
39
6
11
100
42
91
23
83
12
87
30
18
13
68
25
41
55
91
37
25
100
38
40
85
90
43
44
47
56
17
55
42
52
26
90
25
41
18
3
52
100
48
45
54
12
6
36
57
63
58
64
51
75
41
19
36
39
55
2
89
65
23
45
37
3
67
87
77
9
43
41
35
55
56
81
20
58
11
89
97
96
22
95
73
1
74
18
48
77
14
29
18
11
17
6
45
62
10
17
94
92
71
3
16
81
52
9
58
46
35
26
16
56
37
99
64
65
12
72
10
38
98
80
92
72
100
72
47
13
97
12
61
48
98
25
54
86
85
76
26
17
35
69
54
83
57
24
45
43
65
14
15
74
81
39
8
55
66
19
59
40
38
30
92
66
64
52
58
93
12
4
45
54
97
38
15
61
54
66
100
83
83
6
84
29
93
69
19
65
52
80
32
45
5
96
6
54
64
99
58
6
78
29
48
57
29
70
76
89
30
42
26
41
99
77
49
85
8
75
48
32
72
41
15
3
73
84
74
76
63
88
75
87
80
50
14
48
88
19
6
28
37
78
24
2
94
61
17
4
19
10
42
66
68
80
12
12
52
15
34
15
64
56
35
52
4
12
12
84
64
79
40
82
39
47
88
12
97
89
8
95
86
52
44
50
50
42
58